Hs in m, Tp in sec, Dp in deg, Depth in m

 yr,  mo,  da,  hr,  mn,  sc,  Hs,  H1/10, H1/3, Hmax,  Tp, T1/10, T1/3, Tmax,   Dp,  Depth,     CM,       CD
22,09,29,12,27,00,0.46,0.69,0.55,0.95, 8.5, 7.5, 7.0, 7.1, 198, 13.006,   0.170,   349
22,09,29,14,27,00,0.43,-0.00,-0.00,-0.00, 8.5,-0.1,-0.1,-0.1, 201, 12.524,   0.137,   138
22,09,29,16,27,00,0.32,-0.00,-0.00,-0.00, 8.5,-0.1,-0.1,-0.1, 177, 10.869,   0.276,   183
22,09,29,18,27,00,0.28,-0.00,-0.00,-0.00, 7.5,-0.1,-0.1,-0.1, 287,  9.826,   0.079,   236
22,09,29,20,27,00,0.31,0.47,0.37,0.69, 6.7, 7.1, 6.5, 6.9, 185, 10.260,   0.128,   299
22,09,29,22,27,00,0.40,0.59,0.46,0.79, 7.5, 6.8, 6.4, 6.6, 169, 11.572,   0.289,   343
22,09,30,00,27,00,0.27,-0.00,-0.00,-0.00, 7.5,-0.1,-0.1,-0.1, 197, 12.600,   0.191,   347
22,09,30,02,27,00,0.33,-0.00,-0.00,-0.00, 6.7,-0.1,-0.1,-0.1, 197, 12.470,   0.132,   153
22,09,30,04,27,00,0.22,-0.00,-0.00,-0.00, 7.5,-0.1,-0.1,-0.1, 173, 11.216,   0.259,   182
22,09,30,06,27,00,0.21,0.31,0.24,-0.00, 7.5, 6.8, 5.6,-0.1, 173, 10.128,   0.109,   232
22,09,30,08,27,00,0.26,0.36,0.29,-0.00, 7.5, 7.5, 6.7,-0.1, 173, 10.399,   0.137,   289
22,09,30,10,27,00,0.17,-0.00,-0.00,-0.00, 6.7,-0.1,-0.1,-0.1, 181, 11.650,   0.272,   342
22,09,30,12,27,00,0.16,-0.00,-0.00,-0.00, 9.8,-0.1,-0.1,-0.1, 221, 12.763,   0.215,   340
22,09,30,14,27,00,0.25,0.36,0.29,0.54, 8.5, 5.7, 4.7, 7.4, 185, 12.817,   0.030,    75
22,09,30,16,27,00,0.27,0.42,0.33,0.62, 8.5, 5.9, 4.9, 6.4, 177, 11.553,   0.307,   166
22,09,30,18,27,00,0.13,-0.00,-0.00,-0.00, 9.8,-0.1,-0.1,-0.1,  21, 10.103,   0.134,   203
22,09,30,20,27,00,0.17,-0.00,-0.00,-0.00, 9.8,-0.1,-0.1,-0.1, 185,  9.981,   0.171,   242
22,09,30,22,27,00,0.16,-0.00,-0.00,-0.00, 9.8,-0.1,-0.1,-0.1, 181, 10.952,   0.228,   332
22,10,01,00,27,00,0.13,-0.00,-0.00,-0.00, 8.5,-0.1,-0.1,-0.1, 205, 12.154,   0.178,   337
22,10,01,02,27,00,0.16,-0.00,-0.00,-0.00, 8.5,-0.1,-0.1,-0.1, 181, 12.542,   0.047,    12
22,10,01,04,27,00,0.16,-0.00,-0.00,-0.00, 9.8,-0.1,-0.1,-0.1, 165, 11.767,   0.231,   146
22,10,01,06,27,00,0.26,0.39,0.31,-0.00, 8.5, 8.8, 7.6,-0.1, 165, 10.469,   0.163,   198
22,10,01,08,27,00,0.24,0.33,0.26,-0.00, 9.8, 6.7, 5.4,-0.1, 177, 10.220,   0.133,   250
22,10,01,10,27,00,0.16,-0.00,-0.00,-0.00, 8.5,-0.1,-0.1,-0.1, 181, 11.097,   0.190,   327
22,10,01,12,27,00,0.13,-0.00,-0.00,-0.00, 8.5,-0.1,-0.1,-0.1, 189, 12.362,   0.217,   334
22,10,01,14,27,00,0.21,0.38,0.30,-0.00, 8.5, 5.7, 4.7,-0.1, 193, 12.898,   0.072,   347
22,10,01,16,27,00,0.23,-0.00,-0.00,-0.00, 7.5,-0.1,-0.1,-0.1, 189, 12.192,   0.194,   138
22,10,01,18,27,00,0.29,0.54,0.43,-0.00, 7.5, 6.6, 6.1,-0.1, 189, 10.728,   0.182,   189
22,10,01,20,27,00,0.23,-0.00,-0.00,-0.00, 7.5,-0.1,-0.1,-0.1, 177,  9.988,   0.081,   281
22,10,01,22,27,00,0.47,0.59,0.48,0.72, 6.7, 6.5, 6.2, 6.0, 177, 10.454,   0.155,   312
22,10,02,00,27,00,0.32,0.59,0.47,0.82, 6.7, 6.7, 6.4,11.4, 165, 11.678,   0.213,   341
22,10,02,02,27,00,0.29,-0.00,-0.00,-0.00,14.2,-0.1,-0.1,-0.1, 169, 12.436,   0.099,   334
22,10,02,04,27,00,0.31,-0.00,-0.00,-0.00,11.6,-0.1,-0.1,-0.1, 193, 12.216,   0.141,   160
22,10,02,06,27,00,0.28,-0.00,-0.00,-0.00,11.6,-0.1,-0.1,-0.1, 193, 11.087,   0.203,   186
22,10,02,08,27,00,0.44,0.58,0.46,0.81,11.6, 9.5, 7.4,10.5, 177, 10.326,   0.162,   235
22,10,02,10,27,00,0.44,0.69,0.58,-0.00,11.6, 6.6, 5.4,-0.1, 189, 10.690,   0.119,   297
22,10,02,12,27,00,0.46,-0.00,-0.00,-0.00,11.6,-0.1,-0.1,-0.1, 177, 11.872,   0.226,   332
22,10,02,14,27,00,0.48,0.59,0.48,0.78,11.6, 6.0, 4.9, 8.6, 189, 12.890,   0.149,   332
22,10,02,16,27,00,0.48,0.60,0.48,0.83,11.6, 6.9, 5.4,10.4, 181, 12.802,   0.082,   136
22,10,02,18,27,00,0.40,0.62,0.49,-0.00,11.6, 6.0, 5.2,-0.1, 169, 11.640,   0.216,   178
22,10,02,20,27,00,0.34,0.47,0.37,0.65, 9.8, 8.5, 7.4, 7.0, 193, 10.388,   0.126,   209
22,10,02,22,27,00,0.33,0.45,0.36,0.63, 9.8, 7.5, 6.5, 8.8, 181, 10.260,   0.173,   256
22,10,03,00,27,00,0.19,-0.00,-0.00,-0.00, 9.8,-0.1,-0.1,-0.1, 181, 11.057,   0.163,   336
22,10,03,02,27,00,0.19,-0.00,-0.00,-0.00, 8.5,-0.1,-0.1,-0.1, 181, 12.219,   0.203,   335
22,10,03,04,27,00,0.28,-0.00,-0.00,-0.00, 9.8,-0.1,-0.1,-0.1, 189, 12.550,   0.027,    57
22,10,03,06,27,00,0.27,-0.00,-0.00,-0.00, 7.5,-0.1,-0.1,-0.1, 186, 11.954,   0.129,   141
22,10,03,08,27,00,0.32,0.54,0.47,0.64, 7.5, 5.8, 5.2, 6.6, 193, 10.850,   0.152,   205
22,10,03,10,27,00,0.34,0.45,0.36,0.60, 8.5, 6.0, 5.1, 6.1, 193, 10.535,   0.182,   243
22,10,03,12,27,00,0.20,-0.00,-0.00,-0.00, 8.5,-0.1,-0.1,-0.1, 177, 11.297,   0.183,   329
22,10,03,14,27,00,0.22,-0.00,-0.00,-0.00, 8.5,-0.1,-0.1,-0.1, 165, 12.410,   0.180,   339
22,10,03,16,27,00,0.44,0.68,0.56,0.92, 8.5, 5.9, 5.7, 6.3, 185, 12.892,   0.043,   358
22,10,03,18,27,00,0.38,-0.00,-0.00,-0.00, 9.8,-0.1,-0.1,-0.1, 205, 12.382,   0.161,   141
22,10,03,20,27,00,0.36,-0.00,-0.00,-0.00, 4.1,-0.1,-0.1,-0.1, 181, 11.014,   0.207,   191
22,10,03,22,27,00,0.34,0.45,0.37,0.62, 7.5, 6.0, 5.4, 5.6, 185, 10.126,   0.116,   239
22,10,04,00,27,00,0.47,0.61,0.51,0.75, 4.7, 6.1, 6.0, 7.0, 189, 10.456,   0.109,   287
22,10,04,02,27,00,0.36,0.51,0.41,0.64, 8.5, 6.1, 5.5, 6.3, 201, 11.585,   0.261,   342
22,10,04,04,27,00,0.29,-0.00,-0.00,-0.00, 8.5,-0.1,-0.1,-0.1, 181, 12.372,   0.114,   345
22,10,04,06,27,00,0.35,-0.00,-0.00,-0.00, 6.1,-0.1,-0.1,-0.1, 166, 12.330,   0.106,   150
22,10,04,08,27,00,0.32,-0.00,-0.00,-0.00, 6.7,-0.1,-0.1,-0.1, 186, 11.380,   0.126,   161
22,10,04,10,27,00,0.41,0.57,0.45,0.79, 8.5, 6.9, 6.5, 6.4, 193, 10.450,   0.138,   238
22,10,04,12,27,00,0.47,0.71,0.59,0.86, 9.8, 5.7, 5.6, 4.5, 181, 10.656,   0.108,   261
22,10,04,14,27,00,0.44,0.68,0.59,0.76, 8.5, 6.4, 5.6, 7.1, 169, 11.719,   0.213,   337
22,10,04,16,27,00,0.53,0.68,0.55,0.90, 8.5, 6.6, 6.0, 6.6, 177, 12.651,   0.138,   339
22,10,04,18,27,00,0.60,0.78,0.63,1.05, 8.5, 7.4, 6.9, 7.3, 197, 12.800,   0.052,   158
22,10,04,20,27,00,0.51,-0.00,-0.00,-0.00, 7.5,-0.1,-0.1,-0.1, 198, 11.846,   0.224,   161
22,10,04,22,27,00,0.52,0.66,0.54,0.82, 9.8, 7.7, 7.1, 8.0, 182, 10.387,   0.129,   217
22,10,05,00,27,00,0.62,-0.00,-0.00,-0.00, 8.5,-0.1,-0.1,-0.1, 173, 10.071,   0.187,   240
22,10,05,02,27,00,0.48,-0.00,-0.00,-0.00, 9.8,-0.1,-0.1,-0.1, 181, 10.853,   0.232,   334
22,10,05,04,27,00,0.44,-0.00,-0.00,-0.00, 8.5,-0.1,-0.1,-0.1, 177, 12.025,   0.211,   338
22,10,05,06,27,00,0.51,-0.00,-0.00,-0.00, 8.5,-0.1,-0.1,-0.1, 193, 12.586,   0.053,   342
22,10,05,08,27,00,0.70,0.93,0.85,1.02, 9.8, 6.7, 5.6, 9.6, 169, 12.083,   0.109,   142
22,10,05,10,27,00,0.53,-0.00,-0.00,-0.00, 8.5,-0.1,-0.1,-0.1, 185, 10.836,   0.175,   206
22,10,05,12,27,00,0.64,0.81,0.67,0.96, 7.5, 6.8, 6.9, 6.9, 185, 10.289,   0.198,   240
22,10,05,14,27,00,0.51,-0.00,-0.00,-0.00, 8.5,-0.1,-0.1,-0.1, 181, 10.980,   0.182,   331
22,10,05,16,27,00,0.42,-0.00,-0.00,-0.00, 7.5,-0.1,-0.1,-0.1, 177, 12.216,   0.228,   337
22,10,05,18,27,00,0.56,0.70,0.57,0.88, 6.7, 7.4, 6.7, 7.5, 181, 13.003,   0.105,   339
22,10,05,20,27,00,0.53,-0.00,-0.00,-0.00, 7.5,-0.1,-0.1,-0.1, 193, 12.621,   0.127,   138
22,10,05,22,27,00,0.45,-0.00,-0.00,-0.00, 8.5,-0.1,-0.1,-0.1, 173, 11.148,   0.220,   192
22,10,06,00,27,00,0.49,-0.00,-0.00,-0.00, 6.7,-0.1,-0.1,-0.1, 185, 10.076,   0.119,   219
22,10,06,02,27,00,0.70,0.89,0.74,1.10, 7.5, 6.7, 6.9, 6.8, 165, 10.291,   0.134,   282
22,10,06,04,27,00,0.43,0.70,0.59,0.94, 8.5, 6.2, 5.7, 6.5, 189, 11.543,   0.230,   340
22,10,06,06,27,00,0.37,-0.00,-0.00,-0.00, 6.7,-0.1,-0.1,-0.1, 185, 12.595,   0.175,   344
22,10,06,08,27,00,0.45,0.62,0.49,0.84, 7.5, 7.1, 6.3, 7.0, 169, 12.653,   0.056,   109
22,10,06,10,27,00,0.40,0.54,0.44,0.74, 9.8, 7.7, 7.2, 6.8, 189, 11.512,   0.216,   168
22,10,06,12,27,00,0.36,0.47,0.39,0.58, 7.5, 7.6, 7.4, 7.0, 177, 10.296,   0.139,   222
22,10,06,14,27,00,0.50,0.60,0.49,0.79, 6.7, 6.4, 6.7, 6.5, 173, 10.346,   0.131,   287
22,10,06,16,27,00,0.40,0.64,0.51,0.74, 6.7, 5.8, 5.6, 5.9, 161, 11.498,   0.251,   342
22,10,06,18,27,00,0.35,0.51,0.41,0.73, 7.5, 6.4, 5.6, 7.1, 165, 12.674,   0.180,   344
22,10,06,20,27,00,0.41,0.56,0.44,0.81, 6.7, 6.5, 6.1, 7.0, 169, 12.985,   0.029,    76
22,10,06,22,27,00,0.38,0.78,0.68,-0.00, 9.8, 5.4, 5.4,-0.1, 157, 11.963,   0.254,   154
22,10,07,00,27,00,0.25,-0.00,-0.00,-0.00, 7.5,-0.1,-0.1,-0.1, 169, 10.301,   0.147,   201
22,10,07,02,27,00,0.30,-0.00,-0.00,-0.00, 6.1,-0.1,-0.1,-0.1, 165,  9.914,   0.149,   262
22,10,07,04,27,00,0.35,0.68,0.56,-0.00, 6.1, 5.2, 5.2,-0.1, 161, 10.864,   0.200,   333
22,10,07,06,27,00,0.21,-0.00,-0.00,-0.00, 6.1,-0.1,-0.1,-0.1, 185, 12.220,   0.239,   341
22,10,07,08,27,00,0.24,-0.00,-0.00,-0.00, 6.1,-0.1,-0.1,-0.1, 237, 12.870,   0.078,   359
22,10,07,10,27,00,0.23,-0.00,-0.00,-0.00, 8.5,-0.1,-0.1,-0.1, 257, 12.243,   0.186,   137
22,10,07,12,27,00,0.32,0.60,0.52,0.75, 7.5, 6.8, 6.0, 7.3, 189, 10.705,   0.175,   186
22,10,07,14,27,00,0.24,-0.00,-0.00,-0.00, 7.5,-0.1,-0.1,-0.1, 177,  9.977,   0.123,   257
22,10,07,16,27,00,0.27,-0.00,-0.00,-0.00, 6.7,-0.1,-0.1,-0.1, 177, 10.758,   0.173,   331
22,10,07,18,27,00,0.28,-0.00,-0.00,-0.00, 6.1,-0.1,-0.1,-0.1, 169, 12.203,   0.258,   339
22,10,07,20,27,00,0.39,0.54,0.44,0.78, 7.5, 5.8, 4.9, 7.9, 173, 13.092,   0.161,   352
22,10,07,22,27,00,0.40,-0.00,-0.00,-0.00, 7.5,-0.1,-0.1,-0.1, 209, 12.633,   0.174,   137
22,10,08,00,27,00,0.38,-0.00,-0.00,-0.00, 7.5,-0.1,-0.1,-0.1, 189, 11.016,   0.235,   181
22,10,08,02,27,00,0.30,-0.00,-0.00,-0.00, 7.5,-0.1,-0.1,-0.1, 189,  9.799,   0.065,   241
22,10,08,04,27,00,0.43,0.64,0.51,0.87, 6.7, 5.9, 5.5, 5.9, 173, 10.275,   0.099,   274
22,10,08,06,27,00,0.42,-0.00,-0.00,-0.00, 3.9,-0.1,-0.1,-0.1, 189, 11.718,   0.317,   342
22,10,08,08,27,00,0.34,0.48,0.39,0.64, 5.6, 5.4, 5.0, 6.3, 217, 12.861,   0.195,   338
22,10,08,10,27,00,0.45,0.59,0.47,0.75, 7.5, 5.1, 4.7, 5.8, 149, 12.781,   0.106,   115
22,10,08,12,27,00,0.29,-0.00,-0.00,-0.00, 8.5,-0.1,-0.1,-0.1, 181, 11.286,   0.231,   175
22,10,08,14,27,00,0.26,-0.00,-0.00,-0.00, 5.6,-0.1,-0.1,-0.1, 205,  9.958,   0.107,   218
22,10,08,16,27,00,0.38,-0.00,-0.00,-0.00, 6.1,-0.1,-0.1,-0.1, 189, 10.111,   0.166,   262
22,10,08,18,27,00,0.42,0.63,0.53,-0.00, 6.7, 4.3, 3.9,-0.1, 169, 11.512,   0.286,   341
22,10,08,20,27,00,0.29,0.39,0.32,-0.00, 5.6, 4.9, 4.3,-0.1, 197, 12.776,   0.217,   343
22,10,08,22,27,00,0.36,0.50,0.40,0.71, 5.1, 4.8, 4.4, 4.6, 197, 12.941,   0.078,   101
22,10,09,00,27,00,0.43,0.62,0.54,0.70,14.2, 4.8, 4.5, 3.5,  82, 11.644,   0.259,   164
22,10,09,02,27,00,0.20,-0.00,-0.00,-0.00, 5.6,-0.1,-0.1,-0.1, 213, 10.010,   0.120,   206
22,10,09,04,27,00,0.29,-0.00,-0.00,-0.00, 5.1,-0.1,-0.1,-0.1, 205,  9.871,   0.158,   261
22,10,09,06,27,00,0.27,-0.00,-0.00,-0.00, 5.1,-0.1,-0.1,-0.1, 193, 11.078,   0.264,   332
22,10,09,08,27,00,0.19,-0.00,-0.00,-0.00, 5.1,-0.1,-0.1,-0.1, 189, 12.524,   0.246,   340
22,10,09,10,27,00,0.23,0.38,0.30,0.53, 7.5, 5.4, 4.6, 5.8, 169, 13.055,   0.036,    50
22,10,09,12,27,00,0.40,-0.00,-0.00,-0.00, 2.6,-0.1,-0.1,-0.1, 227, 12.041,   0.244,   147
22,10,09,14,27,00,0.57,0.75,0.61,1.03, 3.3, 3.8, 3.7, 4.6, 217, 10.266,   0.180,   169
22,10,09,16,27,00,0.61,-0.00,-0.00,-0.00, 2.8,-0.1,-0.1,-0.1, 133,  9.800,   0.055,   340
22,10,09,18,27,00,0.67,0.90,0.78,-0.00, 5.6, 4.1, 3.9,-0.1, 205, 10.784,   0.192,   340
22,10,09,20,27,00,0.70,0.79,0.73,1.06, 3.5, 5.3, 3.9, 6.6, 204, 12.288,   0.222,   349
22,10,09,22,27,00,0.76,0.89,0.73,1.19, 5.6, 4.7, 4.6, 5.0, 201, 13.021,   0.083,    30
22,10,10,00,27,00,0.64,0.77,0.71,-0.00, 6.7, 5.1, 3.6,-0.1, 205, 12.249,   0.254,   142
22,10,10,02,27,00,0.47,0.64,0.52,0.87, 6.7, 5.8, 5.5, 5.9, 205, 10.526,   0.208,   184
22,10,10,04,27,00,0.33,-0.00,-0.00,-0.00, 7.5,-0.1,-0.1,-0.1, 205,  9.782,   0.100,   260
22,10,10,06,27,00,0.53,0.73,0.60,0.88, 6.7, 5.5, 5.6, 4.8, 205, 10.587,   0.117,   337
22,10,10,08,27,00,0.33,-0.00,-0.00,-0.00, 6.1,-0.1,-0.1,-0.1, 189, 12.202,   0.293,   340
22,10,10,10,27,00,0.36,0.51,0.41,0.68, 6.1, 6.1, 5.7, 5.4, 185, 13.117,   0.161,   355
22,10,10,12,27,00,0.38,-0.00,-0.00,-0.00, 6.7,-0.1,-0.1,-0.1, 201, 12.609,   0.191,   137
22,10,10,14,27,00,0.26,-0.00,-0.00,-0.00, 6.7,-0.1,-0.1,-0.1, 181, 10.933,   0.241,   174
22,10,10,16,27,00,0.27,-0.00,-0.00,-0.00, 6.1,-0.1,-0.1,-0.1, 173,  9.816,   0.064,   212
22,10,10,18,27,00,0.42,0.61,0.48,0.91, 6.1, 5.7, 5.4, 6.0, 161, 10.346,   0.106,   299
22,10,10,20,27,00,0.30,-0.00,-0.00,-0.00, 6.1,-0.1,-0.1,-0.1, 173, 11.837,   0.299,   342
22,10,10,22,27,00,0.22,0.29,0.24,0.37, 5.6, 5.8, 5.5, 5.8, 185, 12.890,   0.173,   347
22,10,11,00,27,00,0.35,0.54,0.44,-0.00, 5.6, 5.3, 4.8,-0.1, 197, 12.676,   0.109,   121
22,10,11,02,27,00,0.30,-0.00,-0.00,-0.00, 4.7,-0.1,-0.1,-0.1, 213, 11.174,   0.224,   182
22,10,11,04,27,00,0.21,-0.00,-0.00,-0.00, 4.4,-0.1,-0.1,-0.1, 193,  9.920,   0.055,   250
22,10,11,06,27,00,0.36,1.06,0.75,1.42,14.2, 4.9, 5.1, 6.4, 205, 10.261,   0.130,   277
22,10,11,08,27,00,0.28,-0.00,-0.00,-0.00, 6.1,-0.1,-0.1,-0.1, 209, 11.728,   0.322,   343
22,10,11,10,27,00,0.22,-0.00,-0.00,-0.00, 5.1,-0.1,-0.1,-0.1, 197, 12.917,   0.194,   342
22,10,11,12,27,00,0.31,0.46,0.36,0.66, 5.6, 5.5, 5.0, 5.4, 213, 12.911,   0.105,   114
22,10,11,14,27,00,0.34,0.50,0.41,0.67, 5.6, 5.1, 4.9, 5.3, 201, 11.511,   0.277,   167
22,10,11,16,27,00,0.17,-0.00,-0.00,-0.00, 5.1,-0.1,-0.1,-0.1, 201,  9.982,   0.113,   202
22,10,11,18,27,00,0.22,-0.00,-0.00,-0.00, 5.1,-0.1,-0.1,-0.1, 169,  9.993,   0.122,   269
22,10,11,20,27,00,0.27,-0.00,-0.00,-0.00, 6.1,-0.1,-0.1,-0.1, 169, 11.200,   0.271,   340
22,10,11,22,27,00,0.17,-0.00,-0.00,-0.00, 7.5,-0.1,-0.1,-0.1, 177, 12.484,   0.213,   345
22,10,12,00,27,00,0.22,0.38,0.31,0.47, 5.1, 4.4, 4.0, 4.8, 193, 12.747,   0.060,    66
22,10,12,02,27,00,0.26,0.56,0.48,-0.00, 7.5, 5.6, 4.9,-0.1, 149, 11.711,   0.255,   148
22,10,12,04,27,00,0.19,0.32,0.26,-0.00,25.6, 5.6, 4.7,-0.1, 353, 10.223,   0.125,   194
22,10,12,06,27,00,0.23,0.40,0.32,-0.00,18.3, 6.7, 6.1,-0.1, 197, 10.097,   0.127,   261
22,10,12,08,27,00,0.19,-0.00,-0.00,-0.00, 7.5,-0.1,-0.1,-0.1, 189, 11.195,   0.247,   330
22,10,12,10,27,00,0.15,-0.00,-0.00,-0.00, 9.8,-0.1,-0.1,-0.1, 153, 12.566,   0.216,   340
22,10,12,12,27,00,0.21,0.31,0.25,0.38,11.6, 4.1, 3.6, 2.6, 169, 12.991,   0.037,    58
22,10,12,14,27,00,0.22,-0.00,-0.00,-0.00, 3.7,-0.1,-0.1,-0.1, 216, 12.095,   0.245,   146
22,10,12,16,27,00,0.23,0.39,0.32,-0.00, 9.8, 6.1, 5.2,-0.1, 161, 10.404,   0.181,   192
22,10,12,18,27,00,0.16,-0.00,-0.00,-0.00,11.6,-0.1,-0.1,-0.1, 161,  9.916,   0.109,   268
22,10,12,20,27,00,0.26,0.56,0.46,0.66, 3.9, 4.8, 4.4, 4.6, 189, 10.732,   0.139,   339
22,10,12,22,27,00,0.20,-0.00,-0.00,-0.00, 3.3,-0.1,-0.1,-0.1, 168, 12.109,   0.261,   339
22,10,13,00,27,00,0.21,0.35,0.29,0.49, 9.8, 4.4, 3.8, 5.6, 193, 12.776,   0.118,   346
22,10,13,02,27,00,0.18,-0.00,-0.00,-0.00, 8.5,-0.1,-0.1,-0.1, 177, 12.270,   0.161,   132
22,10,13,04,27,00,0.25,-0.00,-0.00,-0.00, 2.6,-0.1,-0.1,-0.1, 213, 10.860,   0.170,   180
22,10,13,06,27,00,0.24,0.36,0.29,0.47, 2.2, 4.0, 3.7, 5.9, 277, 10.239,   0.107,   255
22,10,13,08,27,00,0.21,-0.00,-0.00,-0.00, 8.5,-0.1,-0.1,-0.1, 177, 10.885,   0.131,   324
22,10,13,10,27,00,0.27,-0.00,-0.00,-0.00, 8.5,-0.1,-0.1,-0.1, 153, 12.229,   0.258,   338
22,10,13,12,27,00,0.33,0.45,0.37,0.58, 2.5, 3.2, 3.1, 2.3, 317, 12.994,   0.101,   346
22,10,13,14,27,00,0.22,-0.00,-0.00,-0.00, 8.5,-0.1,-0.1,-0.1, 185, 12.573,   0.137,   121
22,10,13,16,27,00,0.33,-0.00,-0.00,-0.00, 2.7,-0.1,-0.1,-0.1, 165, 11.086,   0.247,   176
22,10,13,18,27,00,0.33,-0.00,-0.00,-0.00, 3.1,-0.1,-0.1,-0.1, 173, 10.078,   0.143,   235
22,10,13,20,27,00,0.56,0.70,0.58,0.98, 3.1, 3.5, 3.5, 2.9, 169, 10.420,   0.143,   278
22,10,13,22,27,00,0.42,0.67,0.57,0.85, 3.5, 3.8, 3.5, 7.1, 173, 11.605,   0.289,   343
22,10,14,00,27,00,0.60,-0.00,-0.00,-0.00, 3.3,-0.1,-0.1,-0.1, 173, 12.550,   0.135,   348
22,10,14,02,27,00,0.52,-0.00,-0.00,-0.00, 3.1,-0.1,-0.1,-0.1, 161, 12.468,   0.077,   100
22,10,14,04,27,00,0.74,1.33,1.13,1.57, 4.7, 5.0, 4.3, 4.9, 173, 11.431,   0.166,   149
22,10,14,06,27,00,0.63,0.81,0.67,1.01, 5.1, 4.5, 4.4, 5.3, 177, 10.459,   0.113,   248
22,10,14,08,27,00,0.71,0.92,0.80,-0.00, 5.1, 4.4, 4.3,-0.1, 173, 10.726,   0.150,   285
22,10,14,10,27,00,0.84,-0.00,-0.00,-0.00, 6.7,-0.1,-0.1,-0.1, 177, 11.839,   0.224,   340
22,10,14,12,27,00,0.88,1.03,0.86,1.34, 8.5, 5.3, 5.2, 6.1, 177, 12.787,   0.135,   342
22,10,14,14,27,00,1.01,1.23,1.02,1.59, 7.5, 5.3, 5.3, 4.1, 193, 12.811,   0.102,   138
22,10,14,16,27,00,0.90,1.10,0.95,-0.00, 7.5, 4.9, 4.6,-0.1, 189, 11.698,   0.132,   164
22,10,14,18,27,00,0.94,1.11,0.94,1.48, 8.5, 5.4, 5.4, 6.4, 178, 10.423,   0.171,   221
22,10,14,20,27,00,1.02,1.25,1.04,1.56, 8.5, 6.2, 6.1, 5.9, 189, 10.296,   0.167,   257
22,10,14,22,27,00,1.03,-0.00,-0.00,-0.00, 8.5,-0.1,-0.1,-0.1, 189, 11.192,   0.211,   343
22,10,15,00,27,00,1.08,-0.00,-0.00,-0.00, 8.5,-0.1,-0.1,-0.1, 177, 12.227,   0.208,   342
22,10,15,02,27,00,1.15,-0.00,-0.00,-0.00, 8.5,-0.1,-0.1,-0.1, 189, 12.503,   0.041,   156
22,10,15,04,27,00,0.98,1.10,0.98,-0.00, 8.5, 5.2, 4.7,-0.1, 205, 11.912,   0.138,   140
22,10,15,06,27,00,1.02,1.14,1.02,1.61, 9.8, 5.4, 5.2, 7.3, 189, 10.815,   0.116,   210
22,10,15,08,27,00,0.94,1.18,1.00,1.43, 7.5, 6.2, 5.7, 6.9, 188, 10.591,   0.166,   256
22,10,15,10,27,00,1.12,-0.00,-0.00,-0.00, 8.5,-0.1,-0.1,-0.1, 186, 11.382,   0.264,   334
22,10,15,12,27,00,0.86,-0.00,-0.00,-0.00, 8.5,-0.1,-0.1,-0.1, 182, 12.386,   0.220,   342
22,10,15,14,27,00,0.84,1.11,0.91,1.49, 8.5, 8.3, 8.3, 8.6, 193, 12.787,   0.076,   349
22,10,15,16,27,00,0.80,-0.00,-0.00,-0.00, 8.5,-0.1,-0.1,-0.1, 197, 12.112,   0.118,   149
22,10,15,18,27,00,0.72,-0.00,-0.00,-0.00, 8.5,-0.1,-0.1,-0.1, 201, 10.866,   0.165,   195
22,10,15,20,27,00,0.86,1.06,0.88,1.32, 8.5, 7.2, 6.9, 7.6, 173, 10.259,   0.113,   243
22,10,15,22,27,00,0.83,1.08,0.94,1.40, 7.5, 6.2, 5.8, 5.9, 193, 10.755,   0.104,   307
22,10,16,00,27,00,0.69,-0.00,-0.00,-0.00, 8.5,-0.1,-0.1,-0.1, 185, 11.799,   0.232,   339
22,10,16,02,27,00,0.61,-0.00,-0.00,-0.00, 8.5,-0.1,-0.1,-0.1, 185, 12.391,   0.072,   336
22,10,16,04,27,00,0.62,-0.00,-0.00,-0.00, 8.5,-0.1,-0.1,-0.1, 189, 12.125,   0.070,   147
22,10,16,06,27,00,0.58,-0.00,-0.00,-0.00, 9.8,-0.1,-0.1,-0.1, 193, 11.177,   0.126,   165
22,10,16,08,27,00,0.57,0.80,0.66,0.98, 8.5, 6.3, 6.2, 6.5, 161, 10.640,   0.120,   243
22,10,16,10,27,00,0.54,-0.00,-0.00,-0.00, 8.5,-0.1,-0.1,-0.1, 193, 11.030,   0.165,   323
22,10,16,12,27,00,0.61,0.90,0.80,1.14, 7.5, 5.3, 5.5, 5.9, 185, 11.964,   0.207,   340
22,10,16,14,27,00,0.47,-0.00,-0.00,-0.00, 8.5,-0.1,-0.1,-0.1, 189, 12.578,   0.095,   323
22,10,16,16,27,00,0.49,-0.00,-0.00,-0.00, 9.8,-0.1,-0.1,-0.1, 177, 12.421,   0.085,   134
22,10,16,18,27,00,0.38,-0.00,-0.00,-0.00, 9.8,-0.1,-0.1,-0.1, 169, 11.407,   0.178,   151
22,10,16,20,27,00,0.45,0.63,0.50,0.84, 8.5, 6.5, 6.0, 5.8, 173, 10.458,   0.104,   214
22,10,16,22,27,00,0.40,-0.00,-0.00,-0.00, 7.5,-0.1,-0.1,-0.1, 181, 10.518,   0.114,   271
22,10,17,00,27,00,0.39,0.62,0.49,-0.00, 7.5, 7.1, 6.2,-0.1, 169, 11.287,   0.205,   338
22,10,17,02,27,00,0.24,0.39,0.30,-0.00, 9.8, 8.9, 7.7,-0.1, 171, 12.148,   0.147,   336
22,10,17,04,27,00,0.40,0.87,0.78,-0.00,25.6, 6.9, 6.2,-0.1, 177, 12.249,   0.009,    23
22,10,17,06,27,00,0.29,-0.00,-0.00,-0.00, 9.8,-0.1,-0.1,-0.1, 173, 11.638,   0.148,   132
22,10,17,08,27,00,0.31,0.68,0.54,0.80, 8.5, 6.3, 6.3, 6.3, 185, 10.890,   0.121,   198
22,10,17,10,27,00,0.31,0.68,0.54,0.78, 9.8, 5.9, 5.7, 6.3, 193, 10.846,   0.097,   288
22,10,17,12,27,00,0.33,0.58,0.45,0.78, 8.5, 6.7, 6.4, 6.4, 161, 11.497,   0.162,   326
22,10,17,14,27,00,0.20,-0.00,-0.00,-0.00, 8.5,-0.1,-0.1,-0.1, 189, 12.340,   0.171,   326
22,10,17,16,27,00,0.25,-0.00,-0.00,-0.00, 9.8,-0.1,-0.1,-0.1, 137, 12.553,   0.024,   303
22,10,17,18,27,00,0.31,-0.00,-0.00,-0.00, 9.8,-0.1,-0.1,-0.1, 181, 11.928,   0.129,   135
22,10,17,20,27,00,0.33,-0.00,-0.00,-0.00, 3.0,-0.1,-0.1,-0.1, 181, 10.940,   0.128,   175
22,10,17,22,27,00,0.42,0.57,0.46,-0.00, 8.5, 5.2, 4.6,-0.1, 201, 10.451,   0.117,   262
22,10,18,00,27,00,0.29,-0.00,-0.00,-0.00, 6.7,-0.1,-0.1,-0.1, 178, 10.900,   0.123,   297
22,10,18,02,27,00,0.41,0.63,0.55,0.89, 3.7, 4.8, 4.4, 4.4, 181, 11.771,   0.186,   340
22,10,18,04,27,00,0.27,-0.00,-0.00,-0.00, 3.7,-0.1,-0.1,-0.1, 185, 12.233,   0.083,   337
22,10,18,06,27,00,0.48,-0.00,-0.00,-0.00, 2.8,-0.1,-0.1,-0.1, 173, 12.022,   0.086,   117
22,10,18,08,27,00,0.50,-0.00,-0.00,-0.00, 3.7,-0.1,-0.1,-0.1, 165, 11.273,   0.083,   135
22,10,18,10,27,00,0.70,-0.00,-0.00,-0.00, 5.1,-0.1,-0.1,-0.1, 181, 10.837,   0.053,   303
22,10,18,12,27,00,0.62,1.14,0.98,1.39, 4.4, 6.7, 5.2, 3.4, 202, 11.119,   0.143,   320
22,10,18,14,27,00,0.88,-0.00,-0.00,-0.00, 5.1,-0.1,-0.1,-0.1, 177, 11.964,   0.166,   339
22,10,18,16,27,00,0.92,-0.00,-0.00,-0.00, 3.9,-0.1,-0.1,-0.1, 173, 12.523,   0.190,   346
22,10,18,18,27,00,1.18,-0.00,-0.00,-0.00, 4.1,-0.1,-0.1,-0.1, 160, 12.375,   0.048,    81
22,10,18,20,27,00,1.15,-0.00,-0.00,-0.00, 6.1,-0.1,-0.1,-0.1, 173, 11.494,   0.084,   191
22,10,18,22,27,00,1.02,1.21,1.05,1.49, 6.7, 4.8, 4.6, 3.6, 188, 10.628,   0.119,   248
22,10,19,00,27,00,1.00,1.26,1.08,1.62, 6.1, 5.1, 4.7, 4.0, 194, 10.640,   0.124,   287
22,10,19,02,27,00,1.25,-0.00,-0.00,-0.00, 6.7,-0.1,-0.1,-0.1, 189, 11.435,   0.255,   335
22,10,19,04,27,00,1.19,-0.00,-0.00,-0.00, 8.5,-0.1,-0.1,-0.1, 192, 12.186,   0.138,   344
22,10,19,06,27,00,1.23,-0.00,-0.00,-0.00,11.6,-0.1,-0.1,-0.1, 181, 12.317,   0.033,   341
22,10,19,08,27,00,1.11,1.43,1.16,2.02, 8.5, 5.7, 5.0, 6.1, 177, 11.785,   0.053,   158
22,10,19,10,27,00,1.37,-0.00,-0.00,-0.00, 9.8,-0.1,-0.1,-0.1, 169, 11.072,   0.058,   240
22,10,19,12,27,00,1.16,-0.00,-0.00,-0.00, 6.1,-0.1,-0.1,-0.1, 164, 10.812,   0.132,   254
22,10,19,14,27,00,1.05,-0.00,-0.00,-0.00, 9.8,-0.1,-0.1,-0.1, 201, 11.501,   0.204,   330
22,10,19,16,27,00,0.83,-0.00,-0.00,-0.00, 8.5,-0.1,-0.1,-0.1, 194, 12.253,   0.142,   340
22,10,19,18,27,00,0.97,-0.00,-0.00,-0.00, 9.8,-0.1,-0.1,-0.1, 173, 12.488,   0.008,    24
22,10,19,20,27,00,1.01,1.01,0.93,-0.00, 9.8, 7.4, 6.6,-0.1, 185, 11.895,   0.141,   134
22,10,19,22,27,00,0.78,-0.00,-0.00,-0.00, 9.8,-0.1,-0.1,-0.1, 197, 10.888,   0.130,   195
22,10,20,00,27,00,0.87,1.03,0.87,1.27, 9.8, 7.5, 7.3, 7.0, 201, 10.369,   0.052,   258
22,10,20,02,27,00,1.03,-0.00,-0.00,-0.00, 8.5,-0.1,-0.1,-0.1, 185, 10.844,   0.089,   294
22,10,20,04,27,00,0.89,1.05,0.94,-0.00, 9.8, 5.3, 4.9,-0.1, 193, 11.762,   0.136,     3
22,10,20,06,27,00,1.02,-0.00,-0.00,-0.00,11.6,-0.1,-0.1,-0.1, 189, 12.262,   0.066,    45
22,10,20,08,27,00,0.91,1.06,0.95,1.69,11.6, 5.9, 5.0, 6.0, 181, 12.028,   0.131,   128
22,10,20,10,27,00,0.85,-0.00,-0.00,-0.00,11.6,-0.1,-0.1,-0.1, 165, 11.161,   0.238,   141
22,10,20,12,27,00,0.79,1.01,0.87,1.18, 6.7, 5.4, 5.2, 5.9, 189, 10.563,   0.072,   124
22,10,20,14,27,00,0.99,-0.00,-0.00,-0.00, 6.1,-0.1,-0.1,-0.1, 185, 10.901,   0.032,     8
22,10,20,16,27,00,0.83,0.98,0.89,-0.00, 7.5, 5.1, 4.9,-0.1, 177, 11.829,   0.142,     4
22,10,20,18,27,00,0.67,-0.00,-0.00,-0.00, 6.7,-0.1,-0.1,-0.1, 205, 12.484,   0.110,    10
22,10,20,20,27,00,0.87,-0.00,-0.00,-0.00, 8.5,-0.1,-0.1,-0.1, 176, 12.308,   0.131,   106
22,10,20,22,27,00,0.98,-0.00,-0.00,-0.00, 4.1,-0.1,-0.1,-0.1, 217, 11.319,   0.268,   135
22,10,21,00,27,00,0.86,1.03,0.87,1.27, 4.1, 5.1, 4.9, 5.6, 213, 10.346,   0.100,   133
22,10,21,02,27,00,0.89,1.06,0.89,1.46, 8.5, 5.3, 5.1, 5.5, 133, 10.448,   0.036,    37
22,10,21,04,27,00,0.95,-0.00,-0.00,-0.00, 7.5,-0.1,-0.1,-0.1, 193, 11.399,   0.168,   358
22,10,21,06,27,00,0.77,-0.00,-0.00,-0.00, 7.5,-0.1,-0.1,-0.1, 193, 12.264,   0.132,     4
22,10,21,08,27,00,0.72,-0.00,-0.00,-0.00, 7.5,-0.1,-0.1,-0.1, 173, 12.415,   0.077,    93
22,10,21,10,27,00,0.65,0.87,0.73,0.97, 7.5, 5.1, 5.0, 6.8, 193, 11.615,   0.191,   143
22,10,21,12,27,00,0.60,0.79,0.67,0.89, 7.5, 5.2, 5.1, 5.1, 205, 10.571,   0.107,   180
22,10,21,14,27,00,0.65,0.81,0.68,1.08, 6.7, 6.0, 5.8, 7.0, 193, 10.527,   0.097,   286
22,10,21,16,27,00,0.53,-0.00,-0.00,-0.00, 6.7,-0.1,-0.1,-0.1, 181, 11.399,   0.224,   336
22,10,21,18,27,00,0.48,-0.00,-0.00,-0.00, 6.1,-0.1,-0.1,-0.1, 177, 12.354,   0.182,   339
22,10,21,20,27,00,0.43,-0.00,-0.00,-0.00, 7.5,-0.1,-0.1,-0.1, 176, 12.598,   0.028,     8
22,10,21,22,27,00,0.42,-0.00,-0.00,-0.00, 5.6,-0.1,-0.1,-0.1, 205, 11.829,   0.204,   141
22,10,22,00,27,00,0.37,0.52,0.42,0.79, 7.5, 6.6, 5.9, 7.1, 189, 10.556,   0.148,   171
22,10,22,02,27,00,0.35,0.50,0.40,0.66,14.2, 8.3, 7.1, 8.8, 153, 10.215,   0.145,   256
22,10,22,04,27,00,0.37,-0.00,-0.00,-0.00, 6.7,-0.1,-0.1,-0.1, 181, 11.028,   0.139,   326
22,10,22,06,27,00,0.34,-0.00,-0.00,-0.00, 6.7,-0.1,-0.1,-0.1, 185, 12.159,   0.219,   340
22,10,22,08,27,00,0.40,0.53,0.42,0.69, 6.7, 7.7, 7.1, 6.9, 165, 12.664,   0.098,   348
22,10,22,10,27,00,0.39,-0.00,-0.00,-0.00, 7.5,-0.1,-0.1,-0.1, 181, 12.108,   0.137,   128
22,10,22,12,27,00,0.43,0.70,0.60,-0.00, 7.5, 6.6, 6.1,-0.1, 181, 10.821,   0.207,   181
22,10,22,14,27,00,0.38,0.54,0.44,0.73, 6.1, 6.7, 6.3, 6.1, 181, 10.288,   0.135,   248
22,10,22,16,27,00,0.44,0.75,0.64,0.85, 6.1, 5.5, 5.7, 5.9, 186, 10.882,   0.101,   310
22,10,22,18,27,00,0.42,0.76,0.64,-0.00, 6.7, 5.7, 5.5,-0.1, 170, 12.124,   0.254,   335
22,10,22,20,27,00,0.35,-0.00,-0.00,-0.00, 7.5,-0.1,-0.1,-0.1, 185, 12.763,   0.083,   340
22,10,22,22,27,00,0.36,-0.00,-0.00,-0.00, 6.7,-0.1,-0.1,-0.1, 193, 12.303,   0.087,   142
22,10,23,00,27,00,0.50,0.83,0.66,-0.00, 7.5, 6.8, 6.6,-0.1, 181, 10.906,   0.181,   186
22,10,23,02,27,00,0.34,-0.00,-0.00,-0.00, 7.5,-0.1,-0.1,-0.1, 153, 10.088,   0.152,   232
22,10,23,04,27,00,0.41,-0.00,-0.00,-0.00, 5.6,-0.1,-0.1,-0.1, 193, 10.584,   0.156,   315
22,10,23,06,27,00,0.34,0.59,0.52,-0.00,11.6, 6.1, 5.7,-0.1, 217, 11.855,   0.220,   335
22,10,23,08,27,00,0.34,0.46,0.37,-0.00, 8.5, 7.5, 7.0,-0.1, 185, 12.772,   0.108,   346
22,10,23,10,27,00,0.28,-0.00,-0.00,-0.00, 6.7,-0.1,-0.1,-0.1, 173, 12.514,   0.089,   129
22,10,23,12,27,00,0.23,-0.00,-0.00,-0.00, 6.1,-0.1,-0.1,-0.1, 201, 11.188,   0.252,   181
22,10,23,14,27,00,0.29,0.43,0.35,-0.00, 5.6, 6.1, 5.5,-0.1, 177, 10.149,   0.152,   229
22,10,23,16,27,00,0.40,0.51,0.42,0.68, 7.5, 6.0, 6.1, 6.3, 193, 10.470,   0.120,   305
22,10,23,18,27,00,0.42,0.60,0.49,-0.00, 8.5, 5.9, 5.6,-0.1, 197, 11.719,   0.218,   338
22,10,23,20,27,00,0.29,0.42,0.34,0.54, 6.1, 6.7, 6.0, 8.9, 185, 12.716,   0.151,   345
22,10,23,22,27,00,0.26,-0.00,-0.00,-0.00, 7.5,-0.1,-0.1,-0.1, 189, 12.612,   0.089,   130
22,10,24,00,27,00,0.27,-0.00,-0.00,-0.00, 6.7,-0.1,-0.1,-0.1, 161, 11.403,   0.271,   180
22,10,24,02,27,00,0.27,0.34,0.28,0.47, 6.7, 6.4, 6.3, 5.9, 182, 10.131,   0.161,   218
22,10,24,04,27,00,0.32,0.46,0.37,0.65, 4.7, 6.3, 6.4, 5.9, 165, 10.349,   0.164,   293
22,10,24,06,27,00,0.32,0.44,0.36,0.58, 7.5, 5.0, 4.7, 6.0, 177, 11.530,   0.236,   340
22,10,24,08,27,00,0.33,0.44,0.36,-0.00, 8.5, 4.8, 4.3,-0.1, 177, 12.722,   0.169,   339
22,10,24,10,27,00,0.33,0.47,0.38,0.61, 6.7, 5.1, 4.6, 4.8, 181, 12.830,   0.056,   163
22,10,24,12,27,00,0.40,0.66,0.57,0.81, 5.6, 5.3, 4.9, 4.3, 177, 11.743,   0.256,   173
22,10,24,14,27,00,0.39,0.51,0.42,0.66, 6.1, 5.4, 5.1, 5.0, 177, 10.221,   0.199,   207
22,10,24,16,27,00,0.35,0.45,0.38,0.61, 5.1, 5.4, 5.1, 4.9, 169, 10.133,   0.138,   283
22,10,24,18,27,00,0.36,-0.00,-0.00,-0.00, 4.1,-0.1,-0.1,-0.1, 173, 11.233,   0.267,   342
22,10,24,20,27,00,0.24,-0.00,-0.00,-0.00, 8.5,-0.1,-0.1,-0.1, 173, 12.474,   0.219,   336
22,10,24,22,27,00,0.32,0.55,0.44,-0.00, 8.5, 6.2, 5.4,-0.1, 169, 12.866,   0.026,     6
22,10,25,00,27,00,0.28,-0.00,-0.00,-0.00, 7.5,-0.1,-0.1,-0.1, 201, 11.934,   0.230,   155
22,10,25,02,27,00,0.26,-0.00,-0.00,-0.00, 7.5,-0.1,-0.1,-0.1,  64, 10.368,   0.155,   194
22,10,25,04,27,00,0.45,1.31,1.09,-0.00, 9.8, 8.0, 7.1,-0.1, 169, 10.097,   0.100,   284
22,10,25,06,27,00,0.34,0.76,0.60,-0.00,18.3, 6.1, 5.8,-0.1, 297, 11.102,   0.240,   328
22,10,25,08,27,00,0.30,-0.00,-0.00,-0.00, 6.7,-0.1,-0.1,-0.1, 177, 12.523,   0.224,   337
22,10,25,10,27,00,0.40,0.64,0.52,-0.00, 6.7, 7.0, 6.2,-0.1, 169, 13.110,   0.050,    18
22,10,25,12,27,00,0.45,0.88,0.76,1.04, 7.5, 5.5, 5.3, 5.9, 197, 12.249,   0.214,   157
22,10,25,14,27,00,0.25,-0.00,-0.00,-0.00, 6.7,-0.1,-0.1,-0.1, 161, 10.482,   0.229,   197
22,10,25,16,27,00,0.32,-0.00,-0.00,-0.00, 6.1,-0.1,-0.1,-0.1, 169,  9.803,   0.094,   266
22,10,25,18,27,00,0.51,0.64,0.54,0.81, 6.7, 6.3, 6.2, 5.8, 177, 10.574,   0.260,   337
22,10,25,20,27,00,0.41,0.81,0.66,-0.00, 7.5, 6.9, 6.1,-0.1, 177, 12.035,   0.272,   331
22,10,25,22,27,00,0.31,-0.00,-0.00,-0.00, 6.7,-0.1,-0.1,-0.1, 185, 12.853,   0.111,   344
22,10,26,00,27,00,0.40,1.01,0.83,1.18,14.2, 5.0, 5.5, 3.4, 173, 12.353,   0.160,   143
22,10,26,02,27,00,0.41,0.64,0.52,0.76, 6.7, 6.3, 6.6, 6.0, 189, 10.799,   0.223,   186
22,10,26,04,27,00,0.36,-0.00,-0.00,-0.00, 8.5,-0.1,-0.1,-0.1, 181,  9.943,   0.102,   254
22,10,26,06,27,00,0.57,0.74,0.61,0.91, 8.5, 7.5, 7.2, 8.0, 165, 10.572,   0.186,   323
22,10,26,08,27,00,0.41,-0.00,-0.00,-0.00, 6.7,-0.1,-0.1,-0.1, 185, 12.089,   0.276,   335
22,10,26,10,27,00,0.46,0.60,0.48,0.81, 8.5, 7.2, 6.4, 9.5, 185, 13.099,   0.158,   342
22,10,26,12,27,00,0.40,0.56,0.45,0.71, 7.5, 7.5, 6.9, 6.6, 193, 12.750,   0.094,   141
22,10,26,14,27,00,0.35,-0.00,-0.00,-0.00, 8.5,-0.1,-0.1,-0.1, 189, 11.081,   0.267,   187
22,10,26,16,27,00,0.41,-0.00,-0.00,-0.00, 8.5,-0.1,-0.1,-0.1, 181,  9.757,   0.195,   228
22,10,26,18,27,00,0.59,-0.00,-0.00,-0.00, 8.5,-0.1,-0.1,-0.1, 177, 10.120,   0.140,   299
22,10,26,20,27,00,0.71,0.95,0.82,1.17, 3.5, 4.5, 4.2, 4.4, 174, 11.570,   0.265,   337
22,10,26,22,27,00,0.85,1.12,0.91,1.56, 7.5, 5.8, 5.6, 5.1, 185, 12.688,   0.157,   339
22,10,27,00,27,00,1.19,1.98,1.78,2.27, 6.7, 7.5, 8.3, 7.0, 185, 12.695,   0.075,   117
22,10,27,02,27,00,0.76,-0.00,-0.00,-0.00, 7.5,-0.1,-0.1,-0.1, 185, 11.399,   0.229,   171
22,10,27,04,27,00,0.64,-0.00,-0.00,-0.00, 8.5,-0.1,-0.1,-0.1, 161, 10.076,   0.107,   211
22,10,27,06,27,00,0.78,0.98,0.82,1.32, 8.5, 6.9, 6.4, 5.8, 189, 10.267,   0.084,   271
22,10,27,08,27,00,0.74,0.96,0.83,1.25, 7.5, 5.1, 4.9, 5.0, 173, 11.622,   0.278,   340
22,10,27,10,27,00,0.63,0.83,0.67,0.98, 8.5, 6.3, 5.9, 7.1, 177, 12.920,   0.189,   348
22,10,27,12,27,00,0.70,0.97,0.76,1.32, 7.5, 7.4, 6.8, 7.1, 194, 13.070,   0.123,   117
22,10,27,14,27,00,0.60,-0.00,-0.00,-0.00, 7.5,-0.1,-0.1,-0.1, 189, 11.725,   0.276,   154
22,10,27,16,27,00,0.46,-0.00,-0.00,-0.00, 8.5,-0.1,-0.1,-0.1, 169,  9.999,   0.149,   201
22,10,27,18,27,00,0.57,-0.00,-0.00,-0.00, 8.5,-0.1,-0.1,-0.1, 177,  9.796,   0.159,   254
22,10,27,20,27,00,0.72,0.88,0.79,-0.00, 7.5, 5.2, 4.7,-0.1, 165, 10.850,   0.232,   334
22,10,27,22,27,00,0.58,0.71,0.64,-0.00, 8.5, 4.2, 3.6,-0.1, 177, 12.198,   0.263,   339
22,10,28,00,27,00,0.51,0.66,0.54,0.89, 8.5, 5.0, 4.4, 6.1, 193, 12.731,   0.048,   194
22,10,28,02,27,00,0.25,-0.00,-0.00,-0.00, 7.5,-0.1,-0.1,-0.1, 185, 11.910,   0.227,   149
22,10,28,04,27,00,0.33,0.45,0.36,0.63, 7.5, 5.1, 4.6, 7.4, 165, 10.489,   0.167,   192
22,10,28,06,27,00,0.32,0.41,0.34,-0.00, 7.5, 4.3, 3.9,-0.1, 205, 10.185,   0.150,   250
22,10,28,08,27,00,0.16,-0.00,-0.00,-0.00, 7.5,-0.1,-0.1,-0.1, 233, 11.235,   0.133,   319
22,10,28,10,27,00,0.47,1.07,0.94,-0.00, 2.6, 4.3, 3.5,-0.1,  25, 12.629,   0.254,   337
22,10,28,12,27,00,0.25,0.36,0.30,0.50, 2.0, 3.7, 3.4, 2.6, 201, 13.318,   0.046,   355
22,10,28,14,27,00,0.19,-0.00,-0.00,-0.00, 7.5,-0.1,-0.1,-0.1, 177, 12.531,   0.223,   148
22,10,28,16,27,00,0.13,-0.00,-0.00,-0.00, 8.5,-0.1,-0.1,-0.1, 161, 10.743,   0.225,   183
22,10,28,18,27,00,0.15,-0.00,-0.00,-0.00, 8.5,-0.1,-0.1,-0.1, 197,  9.833,   0.139,   247
22,10,28,20,27,00,0.25,0.36,0.29,-0.00, 2.0, 4.7, 4.0,-0.1, 185, 10.396,   0.131,   310
22,10,28,22,27,00,0.13,-0.00,-0.00,-0.00, 7.5,-0.1,-0.1,-0.1, 105, 11.822,   0.277,   340
22,10,29,00,27,00,0.20,0.28,0.23,-0.00, 8.5, 4.6, 3.9,-0.1, 205, 12.743,   0.119,   340
22,10,29,02,27,00,0.18,-0.00,-0.00,-0.00, 7.5,-0.1,-0.1,-0.1, 169, 12.489,   0.109,   118
22,10,29,04,27,00,0.16,-0.00,-0.00,-0.00, 7.5,-0.1,-0.1,-0.1, 177, 11.162,   0.196,   181
22,10,29,06,27,00,0.19,0.28,0.22,-0.00, 7.5, 6.7, 5.5,-0.1, 189, 10.208,   0.149,   226
22,10,29,08,27,00,0.33,0.48,0.39,0.63, 4.4, 5.7, 5.3, 5.3, 173, 10.708,   0.112,   301
22,10,29,10,27,00,0.19,-0.00,-0.00,-0.00, 2.8,-0.1,-0.1,-0.1, 337, 12.056,   0.287,   341
22,10,29,12,27,00,0.19,0.30,0.24,-0.00, 8.5, 7.7, 6.5,-0.1, 193, 13.093,   0.115,   344
22,10,29,14,27,00,0.23,0.33,0.26,0.44, 8.5, 7.3, 6.3, 6.5, 177, 12.939,   0.133,   119
22,10,29,16,27,00,0.30,0.45,0.37,-0.00, 8.5, 7.5, 6.6,-0.1, 173, 11.469,   0.254,   170
22,10,29,18,27,00,0.20,-0.00,-0.00,-0.00, 7.5,-0.1,-0.1,-0.1, 177, 10.008,   0.095,   206
22,10,29,20,27,00,0.31,-0.00,-0.00,-0.00, 6.1,-0.1,-0.1,-0.1, 189,  9.990,   0.130,   244
22,10,29,22,27,00,0.29,-0.00,-0.00,-0.00, 7.5,-0.1,-0.1,-0.1, 181, 11.101,   0.223,   332
22,10,30,00,27,00,0.22,-0.00,-0.00,-0.00, 8.5,-0.1,-0.1,-0.1, 185, 12.298,   0.221,   344
22,10,30,02,27,00,0.27,-0.00,-0.00,-0.00, 8.5,-0.1,-0.1,-0.1, 169, 12.561,   0.055,    95
22,10,30,04,27,00,0.36,0.61,0.48,0.75, 7.5, 5.7, 5.1, 6.3, 189, 11.639,   0.212,   147
22,10,30,06,27,00,0.40,0.52,0.42,0.75, 7.5, 7.0, 6.4, 7.1, 181, 10.350,   0.139,   189
22,10,30,08,27,00,0.33,0.50,0.40,0.70, 6.7, 7.1, 6.7, 7.5, 161, 10.212,   0.091,   287
22,10,30,10,27,00,0.33,-0.00,-0.00,-0.00, 8.5,-0.1,-0.1,-0.1, 177, 11.242,   0.208,   331
22,10,30,12,27,00,0.27,-0.00,-0.00,-0.00, 8.5,-0.1,-0.1,-0.1, 189, 12.505,   0.222,   338
22,10,30,14,27,00,0.36,0.49,0.40,0.63, 8.5, 6.5, 5.5, 6.5, 165, 12.996,   0.043,    42
22,10,30,16,27,00,0.31,-0.00,-0.00,-0.00, 7.5,-0.1,-0.1,-0.1, 177, 12.166,   0.303,   139
22,10,30,18,27,00,0.33,0.51,0.40,0.74, 6.7, 6.5, 5.8, 7.1, 173, 10.598,   0.230,   181
22,10,30,20,27,00,0.30,-0.00,-0.00,-0.00, 7.5,-0.1,-0.1,-0.1, 173,  9.883,   0.070,   265
22,10,30,22,27,00,0.44,0.56,0.46,0.79, 8.5, 7.0, 6.2, 6.3, 185, 10.484,   0.122,   321
22,10,31,00,27,00,0.41,0.62,0.54,0.75, 8.5, 6.0, 5.4, 6.1, 181, 11.792,   0.249,   344
22,10,31,02,27,00,0.25,-0.00,-0.00,-0.00, 8.5,-0.1,-0.1,-0.1, 169, 12.568,   0.138,   356
22,10,31,04,27,00,0.31,-0.00,-0.00,-0.00, 7.5,-0.1,-0.1,-0.1, 185, 12.288,   0.163,   117
22,10,31,06,27,00,0.34,-0.00,-0.00,-0.00, 8.5,-0.1,-0.1,-0.1, 173, 11.102,   0.205,   164
22,10,31,08,27,00,0.36,0.51,0.42,0.65, 8.5, 6.1, 5.5, 7.0, 165, 10.362,   0.072,   249
22,10,31,10,27,00,0.42,0.65,0.56,0.79, 7.5, 5.6, 5.1, 4.5, 185, 10.817,   0.142,   289
22,10,31,12,27,00,0.42,-0.00,-0.00,-0.00, 2.4,-0.1,-0.1,-0.1, 313, 12.027,   0.234,   338
22,10,31,14,27,00,0.33,0.42,0.35,0.58, 8.5, 5.6, 4.8, 6.5, 193, 12.880,   0.115,   337
22,10,31,16,27,00,0.39,0.53,0.42,0.69, 7.5, 7.0, 6.0, 9.4, 185, 12.723,   0.142,   137
22,10,31,18,27,00,0.35,-0.00,-0.00,-0.00, 8.5,-0.1,-0.1,-0.1, 189, 11.425,   0.257,   157
22,10,31,20,27,00,0.33,0.45,0.36,-0.00, 8.5, 5.9, 5.0,-0.1, 181, 10.126,   0.079,   199
22,10,31,22,27,00,0.40,0.55,0.44,0.73, 8.5, 6.7, 5.9, 7.8, 177, 10.166,   0.107,   265
22,11,01,00,27,00,0.47,-0.00,-0.00,-0.00, 2.6,-0.1,-0.1,-0.1, 181, 11.138,   0.194,   340
22,11,01,02,27,00,0.48,-0.00,-0.00,-0.00, 2.6,-0.1,-0.1,-0.1, 169, 12.273,   0.173,   338
22,11,01,04,27,00,0.50,-0.00,-0.00,-0.00, 3.0,-0.1,-0.1,-0.1, 181, 12.553,   0.085,    48
22,11,01,06,27,00,0.51,-0.00,-0.00,-0.00, 3.5,-0.1,-0.1,-0.1, 209, 11.832,   0.212,   137
22,11,01,08,27,00,0.59,0.80,0.69,-0.00, 3.5, 4.1, 4.0,-0.1, 185, 10.756,   0.123,   190
22,11,01,10,27,00,0.54,0.72,0.59,1.02, 6.7, 5.1, 4.8, 6.3, 177, 10.481,   0.118,   263
22,11,01,12,27,00,0.59,-0.00,-0.00,-0.00, 3.9,-0.1,-0.1,-0.1, 173, 11.315,   0.177,   335
22,11,01,14,27,00,0.49,-0.00,-0.00,-0.00, 3.9,-0.1,-0.1,-0.1, 177, 12.412,   0.183,   337
22,11,01,16,27,00,0.40,0.56,0.46,0.70, 4.4, 5.8, 5.2, 6.8, 193, 12.866,   0.044,    54
22,11,01,18,27,00,0.39,-0.00,-0.00,-0.00, 9.8,-0.1,-0.1,-0.1, 185, 12.253,   0.195,   135
22,11,01,20,27,00,0.33,-0.00,-0.00,-0.00, 9.8,-0.1,-0.1,-0.1, 181, 10.852,   0.210,   176
22,11,01,22,27,00,0.30,-0.00,-0.00,-0.00, 8.5,-0.1,-0.1,-0.1, 162, 10.065,   0.120,   247
22,11,02,00,27,00,0.46,0.64,0.52,0.82, 9.8, 6.2, 6.0, 6.6, 177, 10.520,   0.110,   289
22,11,02,02,27,00,0.42,0.75,0.64,-0.00, 9.8, 5.7, 5.5,-0.1, 193, 11.727,   0.252,   342
22,11,02,04,27,00,0.34,-0.00,-0.00,-0.00, 8.5,-0.1,-0.1,-0.1, 181, 12.529,   0.151,   343
22,11,02,06,27,00,0.36,-0.00,-0.00,-0.00, 9.8,-0.1,-0.1,-0.1, 173, 12.337,   0.097,   106
22,11,02,08,27,00,0.29,-0.00,-0.00,-0.00, 9.8,-0.1,-0.1,-0.1, 205, 11.224,   0.236,   176
22,11,02,10,27,00,0.34,0.44,0.35,0.66, 9.8, 6.5, 5.2, 7.5, 161, 10.298,   0.113,   244
22,11,02,12,27,00,0.40,0.59,0.46,0.73, 9.8, 5.3, 4.5, 4.8, 181, 10.586,   0.149,   276
22,11,02,14,27,00,0.46,0.73,0.62,-0.00, 9.8, 4.2, 4.0,-0.1, 173, 11.672,   0.269,   342
22,11,02,16,27,00,0.38,-0.00,-0.00,-0.00, 9.8,-0.1,-0.1,-0.1, 173, 12.580,   0.189,   342
22,11,02,18,27,00,0.32,0.45,0.36,-0.00, 9.8, 5.5, 4.7,-0.1, 129, 12.681,   0.079,    90
22,11,02,20,27,00,0.26,0.43,0.34,-0.00, 9.8, 5.9, 5.0,-0.1, 165, 11.585,   0.269,   170
22,11,02,22,27,00,0.20,0.31,0.25,-0.00, 9.8, 7.0, 5.9,-0.1, 189, 10.275,   0.146,   215
22,11,03,00,27,00,0.23,0.32,0.26,0.39, 9.8, 5.3, 4.5, 8.1, 169, 10.140,   0.146,   253
22,11,03,02,27,00,0.19,-0.00,-0.00,-0.00, 9.8,-0.1,-0.1,-0.1, 173, 11.042,   0.196,   335
22,11,03,04,27,00,0.16,-0.00,-0.00,-0.00, 8.5,-0.1,-0.1,-0.1, 189, 12.253,   0.208,   341
22,11,03,06,27,00,0.30,0.38,0.30,0.49, 9.8, 5.1, 4.1, 6.4, 193, 12.722,   0.047,    15
22,11,03,08,27,00,0.20,-0.00,-0.00,-0.00, 9.8,-0.1,-0.1,-0.1, 173, 12.150,   0.157,   149
22,11,03,10,27,00,0.16,-0.00,-0.00,-0.00, 9.8,-0.1,-0.1,-0.1, 189, 10.920,   0.164,   191
22,11,03,12,27,00,0.19,-0.00,-0.00,-0.00, 9.8,-0.1,-0.1,-0.1, 189, 10.425,   0.122,   253
22,11,03,14,27,00,0.22,-0.00,-0.00,-0.00, 8.5,-0.1,-0.1,-0.1, 165, 11.102,   0.169,   321
22,11,03,16,27,00,0.34,-0.00,-0.00,-0.00, 9.8,-0.1,-0.1,-0.1, 185, 12.274,   0.221,   339
22,11,03,18,27,00,0.32,0.41,0.34,0.58, 9.8, 3.8, 3.5, 3.3, 161, 12.928,   0.090,     4
22,11,03,20,27,00,0.52,-0.00,-0.00,-0.00, 9.8,-0.1,-0.1,-0.1, 168, 12.443,   0.173,   139
22,11,03,22,27,00,0.52,-0.00,-0.00,-0.00, 3.3,-0.1,-0.1,-0.1, 213, 11.023,   0.181,   163
22,11,04,00,27,00,0.62,-0.00,-0.00,-0.00, 3.0,-0.1,-0.1,-0.1, 213, 10.089,   0.031,   234
22,11,04,02,27,00,0.69,0.85,0.71,1.10, 3.9, 3.9, 4.0, 6.9, 205, 10.549,   0.118,   294
22,11,04,04,27,00,0.66,0.90,0.79,1.02, 3.5, 4.0, 3.8, 4.4, 225, 11.807,   0.195,   356
22,11,04,06,27,00,0.72,0.89,0.73,1.19, 3.3, 4.2, 4.2, 3.4, 196, 12.749,   0.122,     6
22,11,04,08,27,00,0.83,1.00,0.83,1.44, 5.1, 4.4, 4.4, 3.9, 213, 12.655,   0.171,   123
22,11,04,10,27,00,0.67,-0.00,-0.00,-0.00, 3.7,-0.1,-0.1,-0.1, 209, 11.400,   0.200,   164
22,11,04,12,27,00,0.51,0.65,0.53,0.90, 6.1, 4.4, 4.4, 4.4, 209, 10.270,   0.068,   203
22,11,04,14,27,00,0.63,0.80,0.66,1.09, 6.1, 4.5, 4.5, 5.9, 205, 10.370,   0.073,   322
22,11,04,16,27,00,0.64,0.81,0.67,0.98, 3.5, 4.3, 4.2, 4.4, 180, 11.506,   0.205,   339
22,11,04,18,27,00,0.58,0.70,0.58,1.01, 6.1, 4.3, 4.2, 4.8, 209, 12.634,   0.161,   337
22,11,04,20,27,00,0.74,0.89,0.75,1.16, 3.9, 4.3, 4.2, 5.4, 188, 12.748,   0.105,   105
22,11,04,22,27,00,0.69,0.96,0.81,1.11, 3.9, 4.0, 3.8, 5.8, 217, 11.666,   0.264,   142
22,11,05,00,27,00,0.64,0.80,0.66,0.99, 4.7, 4.2, 4.2, 4.3, 197, 10.216,   0.144,   184
22,11,05,02,27,00,0.62,-0.00,-0.00,-0.00, 5.6,-0.1,-0.1,-0.1, 202, 10.081,   0.078,   309
22,11,05,04,27,00,0.70,-0.00,-0.00,-0.00, 6.1,-0.1,-0.1,-0.1, 197, 11.128,   0.172,   350
22,11,05,06,27,00,0.67,-0.00,-0.00,-0.00, 3.1,-0.1,-0.1,-0.1, 185, 12.451,   0.191,   344
22,11,05,08,27,00,0.70,0.84,0.69,1.15, 5.6, 4.6, 4.5, 5.0, 201, 12.891,   0.063,    65
22,11,05,10,27,00,0.71,-0.00,-0.00,-0.00, 3.7,-0.1,-0.1,-0.1, 217, 12.087,   0.270,   140
22,11,05,12,27,00,0.69,0.88,0.73,1.16, 3.9, 4.0, 4.1, 3.0, 213, 10.538,   0.187,   170
22,11,05,14,27,00,0.73,-0.00,-0.00,-0.00, 3.7,-0.1,-0.1,-0.1, 209, 10.018,   0.027,   333
22,11,05,16,27,00,0.74,1.00,0.86,1.32, 3.5, 4.1, 4.0, 4.6, 193, 10.823,   0.132,   356
22,11,05,18,27,00,0.78,-0.00,-0.00,-0.00, 3.5,-0.1,-0.1,-0.1, 180, 12.197,   0.217,   346
22,11,05,20,27,00,0.79,0.95,0.79,1.32, 5.6, 4.5, 4.5, 5.5, 189, 12.857,   0.095,    24
22,11,05,22,27,00,0.85,-0.00,-0.00,-0.00, 5.6,-0.1,-0.1,-0.1, 201, 12.250,   0.233,   135
22,11,06,00,27,00,0.68,0.91,0.77,1.09, 3.9, 4.0, 4.1, 3.8, 197, 10.663,   0.213,   187
22,11,06,02,27,00,0.52,-0.00,-0.00,-0.00, 5.6,-0.1,-0.1,-0.1, 181,  9.901,   0.056,   287
22,11,06,04,27,00,0.66,0.84,0.71,0.97, 6.1, 4.8, 4.7, 4.9, 201, 10.592,   0.115,   318
22,11,06,06,27,00,0.63,-0.00,-0.00,-0.00, 5.6,-0.1,-0.1,-0.1, 189, 12.040,   0.259,   341
22,11,06,08,27,00,0.57,0.70,0.58,0.96, 6.1, 4.6, 4.4, 4.1, 209, 12.981,   0.196,   355
22,11,06,10,27,00,0.64,0.78,0.65,-0.00, 5.6, 4.4, 4.4,-0.1, 201, 12.642,   0.140,   122
22,11,06,12,27,00,0.69,-0.00,-0.00,-0.00, 3.7,-0.1,-0.1,-0.1, 209, 11.108,   0.244,   175
22,11,06,14,27,00,0.62,-0.00,-0.00,-0.00, 4.7,-0.1,-0.1,-0.1, 197,  9.946,   0.033,   183
22,11,06,16,27,00,0.71,0.89,0.74,1.21, 3.0, 4.5, 4.5, 4.1, 202, 10.341,   0.100,   279
22,11,06,18,27,00,0.65,0.88,0.76,1.09, 4.4, 4.1, 3.9, 7.4, 197, 11.701,   0.247,   344
22,11,06,20,27,00,0.70,0.88,0.73,1.09, 3.1, 3.9, 4.0, 4.1, 165, 12.776,   0.208,   346
22,11,06,22,27,00,0.93,1.10,0.91,1.44, 3.7, 4.3, 4.4, 4.3, 214, 12.753,   0.084,   112
22,11,07,00,27,00,0.89,-0.00,-0.00,-0.00, 4.7,-0.1,-0.1,-0.1, 197, 11.397,   0.236,   157
22,11,07,02,27,00,0.97,-0.00,-0.00,-0.00, 5.6,-0.1,-0.1,-0.1, 194, 10.103,   0.108,   174
22,11,07,04,27,00,0.92,1.14,0.95,1.56, 3.9, 4.7, 4.7, 4.4, 169, 10.273,   0.120,   306
22,11,07,06,27,00,0.85,1.08,0.91,1.41, 6.1, 4.5, 4.3, 5.1, 201, 11.533,   0.212,   345
22,11,07,08,27,00,1.02,1.27,1.02,1.79, 6.1, 4.9, 4.8, 5.4, 210, 12.765,   0.199,   349
22,11,07,10,27,00,1.13,1.38,1.12,1.83, 6.1, 4.8, 4.9, 4.3, 206, 12.910,   0.083,   120
22,11,07,12,27,00,0.95,1.16,1.01,1.45, 4.1, 4.5, 4.3, 5.8, 180, 11.639,   0.256,   141
22,11,07,14,27,00,0.97,-0.00,-0.00,-0.00, 3.9,-0.1,-0.1,-0.1, 201, 10.018,   0.156,   182
22,11,07,16,27,00,1.13,-0.00,-0.00,-0.00, 6.1,-0.1,-0.1,-0.1, 193,  9.855,   0.066,   313
22,11,07,18,27,00,1.15,-0.00,-0.00,-0.00, 6.7,-0.1,-0.1,-0.1, 198, 10.898,   0.189,     0
22,11,07,20,27,00,1.12,-0.00,-0.00,-0.00, 6.7,-0.1,-0.1,-0.1, 194, 12.247,   0.180,     1
22,11,07,22,27,00,1.07,1.69,1.38,2.18, 6.1, 6.4, 6.1, 5.8, 201, 12.653,   0.081,   118
22,11,08,00,27,00,0.69,0.90,0.78,-0.00, 7.5, 5.0, 4.6,-0.1, 201, 11.720,   0.238,   147
22,11,08,02,27,00,0.67,0.84,0.70,1.16, 6.1, 5.0, 4.6, 5.1, 200, 10.166,   0.163,   201
22,11,08,04,27,00,0.69,-0.00,-0.00,-0.00, 3.1,-0.1,-0.1,-0.1, 277,  9.880,   0.130,   271
22,11,08,06,27,00,0.79,1.01,0.91,-0.00, 7.5, 5.0, 4.4,-0.1, 193, 10.889,   0.137,   340
22,11,08,08,27,00,0.84,-0.00,-0.00,-0.00, 3.5,-0.1,-0.1,-0.1, 293, 12.372,   0.302,   341
22,11,08,10,27,00,0.94,1.10,0.91,1.52, 3.5, 4.0, 4.0, 4.3, 283, 12.956,   0.035,     8
22,11,08,12,27,00,0.91,-0.00,-0.00,-0.00, 2.6,-0.1,-0.1,-0.1, 276, 12.120,   0.270,   151
22,11,08,14,27,00,0.82,1.01,0.84,1.31, 8.5, 4.6, 4.6, 5.0, 209, 10.419,   0.198,   180
22,11,08,16,27,00,0.68,1.24,1.07,-0.00,25.6,19.5, 9.5,-0.1, 205,  9.691,   0.033,   312
22,11,08,18,27,00,0.60,0.75,0.61,1.12, 7.5, 5.7, 5.0, 5.8, 193, 10.382,   0.115,   321
22,11,08,20,27,00,0.64,0.89,0.76,1.09, 2.6, 4.2, 4.1, 8.8, 321, 11.767,   0.284,   336
22,11,08,22,27,00,0.74,-0.00,-0.00,-0.00, 8.5,-0.1,-0.1,-0.1, 212, 12.604,   0.148,   351
22,11,09,00,27,00,0.86,-0.00,-0.00,-0.00, 2.7,-0.1,-0.1,-0.1, 333, 12.214,   0.145,   138
22,11,09,02,27,00,0.70,-0.00,-0.00,-0.00, 2.3,-0.1,-0.1,-0.1, 205, 10.805,   0.213,   187
22,11,09,04,27,00,0.30,-0.00,-0.00,-0.00, 7.5,-0.1,-0.1,-0.1, 193, 10.096,   0.152,   251
22,11,09,06,27,00,0.34,0.55,0.41,0.69, 7.5, 4.3, 4.1, 5.3, 209, 10.705,   0.133,   323
22,11,09,08,27,00,0.22,-0.00,-0.00,-0.00, 7.5,-0.1,-0.1,-0.1, 332, 12.136,   0.259,   339
22,11,09,10,27,00,0.24,0.34,0.27,0.47, 7.5, 4.2, 3.7, 4.0, 193, 13.093,   0.076,   312
22,11,09,12,27,00,0.23,0.36,0.29,-0.00,11.6, 5.5, 4.9,-0.1, 185, 12.854,   0.199,   160
22,11,09,14,27,00,0.31,0.66,0.56,-0.00,18.3, 5.1, 4.4,-0.1, 169, 11.366,   0.217,   177
22,11,09,16,27,00,0.25,0.36,0.29,-0.00,25.6, 4.8, 4.0,-0.1, 165, 10.212,   0.140,   223
22,11,09,18,27,00,0.22,-0.00,-0.00,-0.00,11.6,-0.1,-0.1,-0.1, 181, 10.479,   0.127,   284
22,11,09,20,27,00,0.25,0.46,0.35,0.68,11.6, 5.8, 5.2, 8.0, 153, 11.687,   0.254,   341
22,11,09,22,27,00,0.31,0.55,0.45,0.67,11.6, 8.1, 7.5, 6.8, 205, 12.726,   0.204,   338
22,11,10,00,27,00,0.32,0.42,0.35,0.58,11.6, 5.2, 4.3, 6.1, 173, 12.732,   0.071,   189
22,11,10,02,27,00,0.53,0.68,0.55,0.98, 3.1, 3.4, 3.5, 2.8, 213, 11.577,   0.285,   149
22,11,10,04,27,00,0.58,0.75,0.60,1.01, 3.7, 3.7, 3.7, 3.8, 213, 10.437,   0.110,   171
22,11,10,06,27,00,0.85,1.06,0.89,1.39, 4.1, 4.0, 3.9, 3.9, 213, 10.586,   0.106,   332
22,11,10,08,27,00,0.92,1.18,1.01,-0.00, 4.7, 4.4, 4.1,-0.1, 196, 11.716,   0.162,     1
22,11,10,10,27,00,1.36,1.64,1.35,2.27, 4.7, 4.9, 5.1, 4.5, 181, 12.854,   0.118,   350
22,11,10,12,27,00,1.29,1.58,1.29,2.16, 5.1, 5.4, 5.5, 4.8, 214, 12.893,   0.154,   114
22,11,10,14,27,00,0.98,1.26,1.07,1.69, 7.5, 5.3, 5.0, 6.5, 211, 11.608,   0.216,   146
22,11,10,16,27,00,0.90,-0.00,-0.00,-0.00, 7.5,-0.1,-0.1,-0.1, 209, 10.109,   0.170,   189
22,11,10,18,27,00,0.83,-0.00,-0.00,-0.00, 8.5,-0.1,-0.1,-0.1, 205,  9.867,   0.100,   302
22,11,10,20,27,00,0.83,1.06,0.94,1.38, 8.5, 5.3, 4.9, 5.9, 185, 10.784,   0.171,   343
22,11,10,22,27,00,0.98,-0.00,-0.00,-0.00, 8.5,-0.1,-0.1,-0.1, 205, 12.079,   0.195,   338
22,11,11,00,27,00,1.01,-0.00,-0.00,-0.00, 8.5,-0.1,-0.1,-0.1, 189, 12.496,   0.071,    46
22,11,11,02,27,00,0.93,1.09,0.96,1.35, 7.5, 5.0, 4.8, 4.0, 209, 11.764,   0.259,   142
22,11,11,04,27,00,0.82,1.03,0.88,1.27, 8.5, 6.0, 5.6, 6.8, 157, 10.533,   0.173,   186
22,11,11,06,27,00,0.83,1.04,0.88,1.30, 7.5, 6.2, 6.0, 5.6, 197, 10.360,   0.083,   292
22,11,11,08,27,00,0.86,-0.00,-0.00,-0.00, 7.5,-0.1,-0.1,-0.1, 201, 11.214,   0.148,   329
22,11,11,10,27,00,0.79,-0.00,-0.00,-0.00, 7.5,-0.1,-0.1,-0.1, 193, 12.493,   0.261,   332
22,11,11,12,27,00,0.73,0.90,0.74,1.15, 7.5, 6.6, 6.4, 7.3, 206, 13.002,   0.071,   287
22,11,11,14,27,00,0.61,-0.00,-0.00,-0.00, 6.7,-0.1,-0.1,-0.1, 209, 12.289,   0.186,   151
22,11,11,16,27,00,0.62,0.83,0.72,0.95, 6.7, 5.2, 5.4, 8.4, 169, 10.814,   0.174,   201
22,11,11,18,27,00,0.49,0.68,0.55,0.87, 6.7, 5.7, 5.5, 5.3, 185, 10.157,   0.107,   245
22,11,11,20,27,00,0.58,0.88,0.76,1.02, 6.1, 4.9, 4.9, 4.8, 172, 10.735,   0.132,   306
22,11,11,22,27,00,0.65,-0.00,-0.00,-0.00, 6.1,-0.1,-0.1,-0.1, 185, 11.934,   0.302,   338
22,11,12,00,27,00,0.57,0.69,0.57,0.82, 5.6, 4.6, 4.4, 4.3, 192, 12.645,   0.145,   338
22,11,12,02,27,00,0.76,-0.00,-0.00,-0.00, 3.5,-0.1,-0.1,-0.1, 193, 12.333,   0.072,   115
22,11,12,04,27,00,0.96,-0.00,-0.00,-0.00, 4.4,-0.1,-0.1,-0.1, 161, 11.201,   0.100,   150
22,11,12,06,27,00,1.03,1.23,1.06,-0.00, 5.1, 4.1, 4.2,-0.1, 189, 10.561,   0.066,   241
22,11,12,08,27,00,1.68,-0.00,-0.00,-0.00, 6.1,-0.1,-0.1,-0.1, 173, 11.085,   0.117,   311
22,11,12,10,27,00,1.61,-0.00,-0.00,-0.00, 6.7,-0.1,-0.1,-0.1, 201, 12.175,   0.203,   345
22,11,12,12,27,00,1.51,1.94,1.60,2.49, 7.5, 6.1, 6.1, 6.4, 173, 12.852,   0.055,   340
22,11,12,14,27,00,1.83,-0.00,-0.00,-0.00, 7.5,-0.1,-0.1,-0.1, 202, 12.601,   0.136,   121
22,11,12,16,27,00,1.73,-0.00,-0.00,-0.00, 8.5,-0.1,-0.1,-0.1, 189, 11.176,   0.129,   168
22,11,12,18,27,00,1.61,-0.00,-0.00,-0.00, 9.8,-0.1,-0.1,-0.1, 165, 10.119,   0.074,   203
22,11,12,20,27,00,1.61,-0.00,-0.00,-0.00, 9.8,-0.1,-0.1,-0.1, 184, 10.211,   0.054,   359
22,11,12,22,27,00,1.42,-0.00,-0.00,-0.00, 9.8,-0.1,-0.1,-0.1, 173, 11.108,   0.158,     7
22,11,13,00,27,00,1.11,-0.00,-0.00,-0.00,11.6,-0.1,-0.1,-0.1, 186, 12.150,   0.212,   341
22,11,13,02,27,00,1.06,-0.00,-0.00,-0.00,11.6,-0.1,-0.1,-0.1, 201, 12.238,   0.088,   145
22,11,13,04,27,00,1.01,-0.00,-0.00,-0.00,11.6,-0.1,-0.1,-0.1, 185, 11.375,   0.206,   164
22,11,13,06,27,00,1.24,1.43,1.23,1.77, 9.8, 9.3, 9.3,10.3, 137, 10.581,   0.187,   222
22,11,13,08,27,00,0.91,1.10,0.96,1.36,11.6, 7.2, 6.3, 8.8, 177, 10.687,   0.144,   278
22,11,13,10,27,00,0.86,1.09,0.96,-0.00, 9.8, 7.2, 6.4,-0.1, 185, 11.688,   0.244,   337
22,11,13,12,27,00,0.91,-0.00,-0.00,-0.00,11.6,-0.1,-0.1,-0.1, 197, 12.624,   0.229,   336
22,11,13,14,27,00,0.83,1.14,0.94,1.56, 9.8, 9.2, 9.1, 9.6, 190, 12.756,   0.036,   226
22,11,13,16,27,00,0.80,1.00,0.93,1.10, 9.8, 4.4, 4.2, 9.3, 189, 11.874,   0.145,   161
22,11,13,18,27,00,0.66,0.96,0.82,-0.00, 9.8, 4.8, 4.5,-0.1, 193, 10.685,   0.206,   229
22,11,13,20,27,00,0.80,1.01,0.85,1.30, 9.8, 7.1, 7.1, 8.5, 152, 10.480,   0.172,   251
22,11,13,22,27,00,0.70,-0.00,-0.00,-0.00, 8.5,-0.1,-0.1,-0.1, 181, 11.130,   0.161,   324
22,11,14,00,27,00,0.61,1.03,0.97,-0.00, 7.5, 5.0, 4.6,-0.1, 189, 12.135,   0.204,   314
22,11,14,02,27,00,1.32,-0.00,-0.00,-0.00, 3.3,-0.1,-0.1,-0.1, 269, 12.509,   0.054,   155
22,11,14,04,27,00,1.41,-0.00,-0.00,-0.00, 3.7,-0.1,-0.1,-0.1, 261, 11.849,   0.196,   136
22,11,14,06,27,00,0.90,1.17,1.02,-0.00, 8.5, 5.2, 4.4,-0.1, 209, 10.770,   0.122,   154
22,11,14,08,27,00,1.10,1.31,1.11,1.75, 8.5, 6.0, 5.6, 7.4, 205, 10.542,   0.051,   346
22,11,14,10,27,00,1.10,-0.00,-0.00,-0.00, 8.5,-0.1,-0.1,-0.1, 180, 11.108,   0.122,    13
22,11,14,12,27,00,1.08,-0.00,-0.00,-0.00, 8.5,-0.1,-0.1,-0.1, 185, 11.991,   0.134,     8
22,11,14,14,27,00,1.09,-0.00,-0.00,-0.00, 8.5,-0.1,-0.1,-0.1, 189, 12.482,   0.068,    86
22,11,14,16,27,00,0.70,0.99,0.90,1.13, 8.5, 4.1, 3.8, 7.6, 193, 11.941,   0.218,   139
22,11,14,18,27,00,0.72,1.00,0.86,1.23, 8.5, 4.9, 4.5, 5.1, 161, 10.846,   0.142,   181
22,11,14,20,27,00,0.73,0.85,0.70,1.26, 7.5, 6.1, 5.6, 4.6, 209, 10.233,   0.090,   255
22,11,14,22,27,00,0.71,0.88,0.71,1.16, 8.5, 6.5, 5.7, 7.4, 193, 10.588,   0.106,   265
22,11,15,00,27,00,0.61,0.77,0.63,1.00, 7.5, 6.4, 5.8, 6.8, 197, 11.520,   0.102,   341
22,11,15,02,27,00,0.49,-0.00,-0.00,-0.00, 7.5,-0.1,-0.1,-0.1, 189, 12.205,   0.011,     6
22,11,15,04,27,00,0.50,-0.00,-0.00,-0.00, 7.5,-0.1,-0.1,-0.1, 220, 12.099,   0.165,   150
22,11,15,06,27,00,0.53,-0.00,-0.00,-0.00, 8.5,-0.1,-0.1,-0.1, 153, 11.256,   0.233,   179
22,11,15,08,27,00,0.48,0.62,0.49,0.86, 6.7, 5.3, 5.0, 6.4, 208, 10.775,   0.107,   224
22,11,15,10,27,00,0.38,0.64,0.52,0.78, 6.1, 5.4, 4.8, 3.9, 205, 11.051,   0.134,   270
22,11,15,12,27,00,0.42,0.55,0.44,0.66, 7.5, 4.1, 3.7, 4.4, 189, 11.893,   0.123,   301
22,11,15,14,27,00,0.31,-0.00,-0.00,-0.00, 6.1,-0.1,-0.1,-0.1, 197, 12.571,   0.033,   288
22,11,15,16,27,00,0.53,-0.00,-0.00,-0.00, 5.6,-0.1,-0.1,-0.1, 225, 12.483,   0.133,   150
22,11,15,18,27,00,0.31,0.43,0.35,0.60, 5.1, 5.4, 5.0, 6.4, 208, 11.531,   0.236,   166
22,11,15,20,27,00,0.30,0.42,0.34,0.52, 8.5, 6.7, 6.3, 5.5, 153, 10.584,   0.091,   204
22,11,15,22,27,00,0.29,0.40,0.33,0.51, 7.5, 6.6, 6.1, 5.9, 181, 10.559,   0.116,   265
22,11,16,00,27,00,0.23,-0.00,-0.00,-0.00, 6.7,-0.1,-0.1,-0.1, 161, 11.304,   0.170,   329
22,11,16,02,27,00,0.39,0.67,0.62,-0.00, 8.5, 5.8, 5.3,-0.1, 179, 12.193,   0.234,   326
22,11,16,04,27,00,0.22,-0.00,-0.00,-0.00, 6.7,-0.1,-0.1,-0.1, 185, 12.407,   0.036,   287
22,11,16,06,27,00,0.31,0.41,0.33,0.50, 8.5, 5.2, 4.5, 5.4, 193, 11.869,   0.106,   180
22,11,16,08,27,00,0.18,-0.00,-0.00,-0.00, 7.5,-0.1,-0.1,-0.1, 197, 11.095,   0.164,   202
22,11,16,10,27,00,0.24,-0.00,-0.00,-0.00, 8.5,-0.1,-0.1,-0.1, 177, 11.019,   0.130,   260
22,11,16,12,27,00,0.75,0.90,0.75,1.19, 3.1, 3.3, 3.4, 2.9, 169, 11.593,   0.166,   326
22,11,16,14,27,00,0.86,-0.00,-0.00,-0.00, 4.4,-0.1,-0.1,-0.1, 169, 12.373,   0.164,   333
22,11,16,16,27,00,0.84,-0.00,-0.00,-0.00, 5.1,-0.1,-0.1,-0.1, 173, 12.599,   0.039,   132
22,11,16,18,27,00,0.98,-0.00,-0.00,-0.00, 6.7,-0.1,-0.1,-0.1, 164, 12.076,   0.126,   149
22,11,16,20,27,00,1.38,-0.00,-0.00,-0.00, 8.5,-0.1,-0.1,-0.1, 202, 11.029,   0.162,   193
22,11,16,22,27,00,1.13,1.34,1.14,1.74, 7.5, 5.6, 5.2, 5.9, 185, 10.484,   0.053,   283
22,11,17,00,27,00,1.71,-0.00,-0.00,-0.00, 9.8,-0.1,-0.1,-0.1, 161, 10.720,   0.019,    23
22,11,17,02,27,00,1.44,-0.00,-0.00,-0.00, 8.5,-0.1,-0.1,-0.1, 197, 11.602,   0.079,    14
22,11,17,04,27,00,1.39,-0.00,-0.00,-0.00, 9.8,-0.1,-0.1,-0.1, 181, 12.210,   0.057,    61
22,11,17,06,27,00,1.18,-0.00,-0.00,-0.00, 8.5,-0.1,-0.1,-0.1, 177, 12.042,   0.157,   126
22,11,17,08,27,00,0.85,-0.00,-0.00,-0.00, 9.8,-0.1,-0.1,-0.1, 173, 11.152,   0.101,   177
22,11,17,10,27,00,0.79,1.01,0.87,1.11, 8.5, 6.0, 5.6, 6.5, 193, 10.585,   0.108,   190
22,11,17,12,27,00,0.79,1.00,0.92,1.29, 9.8, 4.1, 3.9, 3.6, 173, 10.823,   0.096,   286
22,11,17,14,27,00,0.84,1.09,0.96,1.32, 8.5, 5.9, 5.4, 7.5, 181, 11.614,   0.097,   336
22,11,17,16,27,00,1.20,-0.00,-0.00,-0.00, 8.5,-0.1,-0.1,-0.1, 190, 12.266,   0.055,    35
22,11,17,18,27,00,1.19,-0.00,-0.00,-0.00, 9.8,-0.1,-0.1,-0.1, 176, 12.190,   0.117,   124
22,11,17,20,27,00,1.00,-0.00,-0.00,-0.00, 6.7,-0.1,-0.1,-0.1, 209, 11.264,   0.166,   152
22,11,17,22,27,00,0.93,1.22,1.02,1.41, 7.5, 5.7, 5.4, 6.8, 201, 10.408,   0.084,   205
22,11,18,00,27,00,0.89,1.19,1.00,1.53, 8.5, 6.8, 6.3, 6.3, 205, 10.444,   0.087,   270
22,11,18,02,27,00,0.96,-0.00,-0.00,-0.00, 7.5,-0.1,-0.1,-0.1, 197, 11.238,   0.082,     0
22,11,18,04,27,00,0.96,-0.00,-0.00,-0.00, 8.5,-0.1,-0.1,-0.1, 186, 12.120,   0.103,   352
22,11,18,06,27,00,1.09,-0.00,-0.00,-0.00, 8.5,-0.1,-0.1,-0.1, 181, 12.301,   0.064,   127
22,11,18,08,27,00,0.82,1.09,0.94,1.29, 9.8, 6.7, 6.0, 7.1, 204, 11.670,   0.132,   146
22,11,18,10,27,00,0.73,1.02,0.89,1.27, 8.5, 5.1, 4.5, 7.3, 193, 10.784,   0.146,   171
22,11,18,12,27,00,0.80,1.01,0.84,1.16, 8.5, 6.5, 5.9, 6.0, 190, 10.565,   0.050,   283
22,11,18,14,27,00,0.68,-0.00,-0.00,-0.00, 7.5,-0.1,-0.1,-0.1, 161, 11.211,   0.123,   330
22,11,18,16,27,00,0.75,-0.00,-0.00,-0.00, 7.5,-0.1,-0.1,-0.1, 185, 12.146,   0.176,   343
22,11,18,18,27,00,1.04,-0.00,-0.00,-0.00, 7.5,-0.1,-0.1,-0.1, 193, 12.521,   0.074,    34
22,11,18,20,27,00,0.92,-0.00,-0.00,-0.00, 8.5,-0.1,-0.1,-0.1, 197, 11.948,   0.239,   133
22,11,18,22,27,00,0.60,0.89,0.77,-0.00, 6.7, 4.4, 4.4,-0.1, 217, 10.809,   0.201,   179
22,11,19,00,27,00,0.67,0.84,0.70,1.10, 6.7, 6.7, 6.7, 6.1, 205, 10.382,   0.122,   280
22,11,19,02,27,00,0.65,0.97,0.86,1.24, 7.5, 3.9, 4.2, 5.0, 197, 10.959,   0.158,   305
22,11,19,04,27,00,0.61,0.91,0.80,-0.00, 7.5, 4.4, 4.7,-0.1, 197, 11.970,   0.215,   322
22,11,19,06,27,00,0.61,-0.00,-0.00,-0.00, 7.5,-0.1,-0.1,-0.1, 190, 12.611,   0.035,   296
22,11,19,08,27,00,0.67,-0.00,-0.00,-0.00, 7.5,-0.1,-0.1,-0.1, 198, 12.381,   0.157,   169
22,11,19,10,27,00,0.70,-0.00,-0.00,-0.00, 7.5,-0.1,-0.1,-0.1, 206, 11.285,   0.200,   182
22,11,19,12,27,00,0.86,1.02,0.86,1.32, 8.5, 7.4, 7.2, 9.0, 185, 10.551,   0.160,   229
22,11,19,14,27,00,0.67,0.95,0.81,1.13, 8.5, 5.5, 5.5, 6.3, 185, 10.852,   0.154,   303
22,11,19,16,27,00,0.88,1.12,0.96,1.34, 8.5, 6.7, 6.6, 6.4, 189, 11.828,   0.277,   338
22,11,19,18,27,00,0.87,1.53,1.38,1.70, 7.5, 7.3, 7.3, 7.1, 205, 12.594,   0.177,   334
22,11,19,20,27,00,0.75,-0.00,-0.00,-0.00, 7.5,-0.1,-0.1,-0.1, 205, 12.447,   0.054,   133
22,11,19,22,27,00,0.83,-0.00,-0.00,-0.00, 3.7,-0.1,-0.1,-0.1, 210, 11.332,   0.237,   147
22,11,20,00,27,00,0.65,0.82,0.67,1.02, 6.7, 5.2, 5.4, 6.1, 189, 10.413,   0.090,   190
22,11,20,02,27,00,0.70,0.90,0.74,1.20, 7.5, 5.6, 5.5, 5.5, 189, 10.597,   0.134,   278
22,11,20,04,27,00,0.73,0.99,0.82,-0.00, 6.7, 4.7, 4.5,-0.1, 197, 11.615,   0.104,   338
22,11,20,06,27,00,1.11,-0.00,-0.00,-0.00, 6.1,-0.1,-0.1,-0.1, 201, 12.600,   0.114,   351
22,11,20,08,27,00,1.43,2.23,1.94,2.54, 7.5, 6.8, 7.0, 7.0, 205, 12.679,   0.124,   112
22,11,20,10,27,00,0.79,1.05,0.91,1.16, 7.5, 5.1, 4.7, 5.8, 201, 11.677,   0.196,   141
22,11,20,12,27,00,0.78,1.03,0.86,1.26, 6.7, 6.5, 5.8, 7.8, 200, 10.519,   0.157,   191
22,11,20,14,27,00,1.10,1.27,1.08,1.54, 7.5, 5.3, 5.1, 4.5, 194, 10.444,   0.064,   292
22,11,20,16,27,00,1.58,-0.00,-0.00,-0.00, 7.5,-0.1,-0.1,-0.1, 194, 11.167,   0.141,     5
22,11,20,18,27,00,1.48,-0.00,-0.00,-0.00, 7.5,-0.1,-0.1,-0.1, 189, 12.200,   0.140,     9
22,11,20,20,27,00,1.28,-0.00,-0.00,-0.00, 8.5,-0.1,-0.1,-0.1, 221, 12.496,   0.101,    91
22,11,20,22,27,00,1.34,-0.00,-0.00,-0.00, 8.5,-0.1,-0.1,-0.1, 201, 11.495,   0.186,   146
22,11,21,00,27,00,1.35,-0.00,-0.00,-0.00, 3.9,-0.1,-0.1,-0.1, 265, 10.219,   0.134,   185
22,11,21,02,27,00,1.27,-0.00,-0.00,-0.00, 9.8,-0.1,-0.1,-0.1, 205, 10.025,   0.026,   276
22,11,21,04,27,00,1.01,1.24,1.06,1.60, 9.8, 5.5, 4.6, 7.0, 193, 10.784,   0.166,   340
22,11,21,06,27,00,1.15,-0.00,-0.00,-0.00, 9.8,-0.1,-0.1,-0.1, 194, 12.079,   0.223,   356
22,11,21,08,27,00,1.06,-0.00,-0.00,-0.00, 9.8,-0.1,-0.1,-0.1, 205, 12.608,   0.082,    23
22,11,21,10,27,00,0.73,1.01,0.91,1.12, 8.5, 4.6, 4.5, 6.3, 202, 11.951,   0.246,   156
22,11,21,12,27,00,0.85,1.09,0.89,1.54, 9.8, 8.5, 8.1, 8.0, 201, 10.523,   0.250,   179
22,11,21,14,27,00,0.81,-0.00,-0.00,-0.00, 8.5,-0.1,-0.1,-0.1, 197,  9.938,   0.135,   259
22,11,21,16,27,00,0.77,0.99,0.80,1.17, 8.5, 6.9, 6.5, 6.9, 185, 10.607,   0.101,   308
22,11,21,18,27,00,0.64,0.94,0.82,-0.00, 7.5, 4.4, 4.3,-0.1, 194, 11.879,   0.242,   341
22,11,21,20,27,00,1.23,1.74,1.41,2.20, 3.7, 6.2, 5.5, 5.6, 226, 12.651,   0.086,   357
22,11,21,22,27,00,1.36,-0.00,-0.00,-0.00, 4.7,-0.1,-0.1,-0.1, 209, 12.218,   0.161,   135
22,11,22,00,27,00,0.99,1.24,1.06,1.74, 4.4, 4.8, 4.3, 5.8, 214, 10.876,   0.137,   148
22,11,22,02,27,00,1.74,-0.00,-0.00,-0.00, 7.5,-0.1,-0.1,-0.1, 145, 10.155,   0.091,    95
22,11,22,04,27,00,1.37,1.66,1.36,2.09, 8.5, 6.4, 6.0, 4.9, 177, 10.590,   0.078,    37
22,11,22,06,27,00,1.67,-0.00,-0.00,-0.00, 9.8,-0.1,-0.1,-0.1, 184, 11.833,   0.185,    14
22,11,22,08,27,00,1.61,2.24,1.88,2.69,11.6, 8.9, 8.4, 9.0, 201, 12.755,   0.125,    26
22,11,22,10,27,00,1.35,-0.00,-0.00,-0.00, 9.8,-0.1,-0.1,-0.1, 202, 12.485,   0.126,   142
22,11,22,12,27,00,1.23,-0.00,-0.00,-0.00, 9.8,-0.1,-0.1,-0.1, 200, 11.009,   0.316,   179
22,11,22,14,27,00,0.81,-0.00,-0.00,-0.00, 9.8,-0.1,-0.1,-0.1, 197,  9.873,   0.173,   226
22,11,22,16,27,00,0.77,0.95,0.79,1.22, 9.8, 7.7, 7.7, 8.3, 181, 10.245,   0.147,   298
22,11,22,18,27,00,0.86,1.34,1.10,1.59, 8.5, 7.7, 7.5, 6.8, 169, 11.488,   0.269,   338
22,11,22,20,27,00,0.61,-0.00,-0.00,-0.00, 8.5,-0.1,-0.1,-0.1, 213, 12.706,   0.225,   330
22,11,22,22,27,00,0.78,0.97,0.77,1.42, 7.5, 6.9, 6.6, 6.8, 193, 12.758,   0.152,   189
22,11,23,00,27,00,0.71,0.87,0.72,1.22, 8.5, 5.1, 5.1, 3.9, 201, 11.530,   0.202,   149
22,11,23,02,27,00,0.66,0.86,0.69,1.25, 3.9, 4.9, 4.9, 4.1, 209, 10.282,   0.109,   170
22,11,23,04,27,00,0.68,0.85,0.70,1.14, 6.1, 5.4, 5.2, 6.1, 212, 10.391,   0.076,   304
22,11,23,06,27,00,0.80,1.05,0.88,1.28, 6.1, 4.6, 4.5, 4.9, 213, 11.593,   0.180,   337
22,11,23,08,27,00,0.81,1.00,0.82,1.17, 3.3, 4.6, 4.5, 4.0, 288, 12.822,   0.157,   329
22,11,23,10,27,00,0.71,0.91,0.73,1.29, 6.1, 5.6, 5.3, 5.6, 216, 12.954,   0.164,   170
22,11,23,12,27,00,0.50,0.69,0.55,0.96, 6.7, 6.0, 5.6, 6.1, 209, 11.574,   0.382,   175
22,11,23,14,27,00,0.36,-0.00,-0.00,-0.00, 7.5,-0.1,-0.1,-0.1, 181,  9.918,   0.188,   204
22,11,23,16,27,00,0.42,-0.00,-0.00,-0.00, 6.7,-0.1,-0.1,-0.1, 197,  9.696,   0.111,   251
22,11,23,18,27,00,0.58,0.81,0.66,1.01, 6.7, 4.9, 4.7, 5.8, 189, 10.699,   0.174,   322
22,11,23,20,27,00,0.62,-0.00,-0.00,-0.00, 6.7,-0.1,-0.1,-0.1, 169, 12.205,   0.236,   329
22,11,23,22,27,00,0.55,0.64,0.54,0.78, 6.7, 4.2, 3.8, 5.4, 209, 12.760,   0.071,   172
22,11,24,00,27,00,0.60,-0.00,-0.00,-0.00, 2.4,-0.1,-0.1,-0.1, 205, 11.959,   0.304,   169
22,11,24,02,27,00,0.43,0.52,0.43,0.67, 2.2, 4.4, 4.2, 2.0, 297, 10.456,   0.206,   208
22,11,24,04,27,00,0.33,0.42,0.35,-0.00, 6.7, 4.8, 4.1,-0.1, 213, 10.168,   0.152,   249
22,11,24,06,27,00,0.17,-0.00,-0.00,-0.00, 6.1,-0.1,-0.1,-0.1, 201, 11.176,   0.183,   318
22,11,24,08,27,00,0.29,0.40,0.33,0.56, 2.2, 4.1, 3.8, 3.5, 197, 12.696,   0.310,   334
22,11,24,10,27,00,0.16,-0.00,-0.00,-0.00, 5.6,-0.1,-0.1,-0.1, 229, 13.424,   0.084,   354
22,11,24,12,27,00,0.20,-0.00,-0.00,-0.00, 3.7,-0.1,-0.1,-0.1, 222, 12.547,   0.328,   156
22,11,24,14,27,00,0.33,0.46,0.37,0.67, 2.2, 4.0, 3.7, 3.5, 276, 10.533,   0.299,   177
22,11,24,16,27,00,0.38,0.26,0.25,-0.00, 2.6, 2.4, 1.6,-0.1, 269,  9.483,   0.057,   212
22,11,24,18,27,00,0.26,0.37,0.30,0.54, 2.5, 3.3, 3.3, 2.8, 293, 10.133,   0.154,   323
22,11,24,20,27,00,0.30,0.43,0.35,0.61, 2.3, 3.9, 3.9, 7.1, 261, 11.671,   0.274,   341
22,11,24,22,27,00,0.34,0.44,0.36,0.68, 2.6, 3.4, 3.4, 2.9,  45, 12.725,   0.206,   347
22,11,25,00,27,00,0.26,-0.00,-0.00,-0.00, 4.1,-0.1,-0.1,-0.1, 208, 12.461,   0.146,   137
22,11,25,02,27,00,0.21,-0.00,-0.00,-0.00, 4.7,-0.1,-0.1,-0.1, 213, 10.910,   0.245,   188
22,11,25,04,27,00,0.19,-0.00,-0.00,-0.00, 5.1,-0.1,-0.1,-0.1, 217, 10.017,   0.119,   234
22,11,25,06,27,00,0.30,0.43,0.35,0.62, 4.4, 4.5, 4.3, 6.0, 209, 10.552,   0.205,   299
22,11,25,08,27,00,0.34,-0.00,-0.00,-0.00, 2.5,-0.1,-0.1,-0.1, 181, 12.152,   0.332,   338
22,11,25,10,27,00,0.35,0.47,0.39,0.67, 2.6, 3.2, 3.3, 2.4, 152, 13.430,   0.206,   350
22,11,25,12,27,00,0.66,0.85,0.68,1.20, 3.9, 3.7, 3.7, 3.3, 218, 13.259,   0.089,   115
22,11,25,14,27,00,0.79,1.08,0.91,1.47, 4.7, 4.0, 4.0, 4.0, 192, 11.558,   0.282,   174
22,11,25,16,27,00,0.71,-0.00,-0.00,-0.00, 5.6,-0.1,-0.1,-0.1, 210,  9.903,   0.171,   210
22,11,25,18,27,00,0.76,-0.00,-0.00,-0.00, 5.6,-0.1,-0.1,-0.1, 189,  9.983,   0.095,   273
22,11,25,20,27,00,1.35,-0.00,-0.00,-0.00, 5.6,-0.1,-0.1,-0.1, 169, 11.159,   0.280,   336
22,11,25,22,27,00,0.96,-0.00,-0.00,-0.00, 6.1,-0.1,-0.1,-0.1, 201, 12.593,   0.203,   350
22,11,26,00,27,00,1.42,1.79,1.45,2.15, 7.5, 7.2, 7.3, 7.1, 177, 12.826,   0.098,   118
22,11,26,02,27,00,0.81,1.15,0.97,1.43, 7.5, 5.1, 4.4, 5.5, 189, 11.626,   0.400,   167
22,11,26,04,27,00,0.74,1.03,0.84,1.31, 7.5, 6.8, 6.3, 7.6, 193, 10.222,   0.130,   200
22,11,26,06,27,00,0.87,-0.00,-0.00,-0.00, 7.5,-0.1,-0.1,-0.1, 201, 10.068,   0.123,   272
22,11,26,08,27,00,1.01,-0.00,-0.00,-0.00, 8.5,-0.1,-0.1,-0.1, 205, 11.189,   0.152,   339
22,11,26,10,27,00,1.04,-0.00,-0.00,-0.00, 8.5,-0.1,-0.1,-0.1, 201, 12.602,   0.277,   349
22,11,26,12,27,00,1.12,1.40,1.14,1.65, 9.8, 6.7, 5.9, 8.5, 205, 13.152,   0.087,    17

