Hs in m, Tp in sec, Dp in deg, Depth in m

 yr,  mo,  da,  hr,  mn,  sc,  Hs,  H1/10, H1/3, Hmax,  Tp, T1/10, T1/3, Tmax,   Dp,  Depth,     CM,       CD
22,09,29,12,19,06,0.55,0.71,0.58,0.85, 8.5, 7.4, 7.3, 8.4, 172, 15.333,   0.100,   296
22,09,29,14,19,06,0.44,-0.00,-0.00,-0.00, 8.5,-0.1,-0.1,-0.1, 176, 14.976,   0.184,   111
22,09,29,16,19,06,0.31,-0.00,-0.00,-0.00, 8.5,-0.1,-0.1,-0.1, 196, 13.221,   0.309,   150
22,09,29,18,19,06,0.29,-0.00,-0.00,-0.00, 8.5,-0.1,-0.1,-0.1, 159, 12.136,   0.199,   195
22,09,29,20,19,06,0.33,-0.00,-0.00,-0.00, 7.5,-0.1,-0.1,-0.1, 184, 12.473,   0.234,   290
22,09,29,22,19,06,0.30,-0.00,-0.00,-0.00, 6.7,-0.1,-0.1,-0.1, 154, 13.761,   0.321,   303
22,09,30,00,19,06,0.30,-0.00,-0.00,-0.00, 7.5,-0.1,-0.1,-0.1, 171, 14.915,   0.171,   299
22,09,30,02,19,06,0.44,-0.00,-0.00,-0.00, 8.5,-0.1,-0.1,-0.1, 183, 14.902,   0.103,   120
22,09,30,04,19,06,0.22,-0.00,-0.00,-0.00, 8.5,-0.1,-0.1,-0.1, 175, 13.566,   0.185,   139
22,09,30,06,19,06,0.18,-0.00,-0.00,-0.00, 7.5,-0.1,-0.1,-0.1, 175, 12.464,   0.102,   151
22,09,30,08,19,06,0.30,0.41,0.33,-0.00, 8.5, 6.0, 4.9,-0.1, 159, 12.616,   0.174,   292
22,09,30,10,19,06,0.19,-0.00,-0.00,-0.00, 9.8,-0.1,-0.1,-0.1, 189, 13.884,   0.313,   301
22,09,30,12,19,06,0.20,-0.00,-0.00,-0.00, 9.8,-0.1,-0.1,-0.1, 179, 15.073,   0.178,   289
22,09,30,14,19,06,0.27,0.39,0.32,0.49, 6.7, 6.2, 5.3, 7.9, 203, 15.230,   0.045,   132
22,09,30,16,19,06,0.23,0.49,0.37,0.60,11.6, 6.1, 5.2, 6.1, 159, 14.036,   0.263,   134
22,09,30,18,19,06,0.13,-0.00,-0.00,-0.00, 8.5,-0.1,-0.1,-0.1, 155, 12.462,   0.203,   162
22,09,30,20,19,06,0.15,-0.00,-0.00,-0.00, 9.8,-0.1,-0.1,-0.1, 151, 12.251,   0.123,   259
22,09,30,22,19,06,0.15,-0.00,-0.00,-0.00, 8.5,-0.1,-0.1,-0.1, 184, 13.078,   0.315,   299
22,10,01,00,19,06,0.14,-0.00,-0.00,-0.00, 8.5,-0.1,-0.1,-0.1, 155, 14.461,   0.218,   299
22,10,01,02,19,06,0.14,-0.00,-0.00,-0.00, 9.8,-0.1,-0.1,-0.1, 184, 14.942,   0.018,   204
22,10,01,04,19,06,0.15,-0.00,-0.00,-0.00, 9.8,-0.1,-0.1,-0.1, 159, 14.235,   0.218,   121
22,10,01,06,19,06,0.15,-0.00,-0.00,-0.00, 8.5,-0.1,-0.1,-0.1, 184, 12.804,   0.183,   150
22,10,01,08,19,06,0.17,-0.00,-0.00,-0.00, 8.5,-0.1,-0.1,-0.1, 155, 12.484,   0.098,   250
22,10,01,10,19,06,0.20,-0.00,-0.00,-0.00, 8.5,-0.1,-0.1,-0.1, 171, 13.223,   0.285,   298
22,10,01,12,19,06,0.15,-0.00,-0.00,-0.00, 8.5,-0.1,-0.1,-0.1, 167, 14.652,   0.255,   299
22,10,01,14,19,06,0.30,0.48,0.38,0.57, 8.5, 7.1, 6.6, 7.1, 195, 15.272,   0.051,   298
22,10,01,16,19,06,0.23,-0.00,-0.00,-0.00, 7.5,-0.1,-0.1,-0.1, 171, 14.676,   0.219,   119
22,10,01,18,19,06,0.19,-0.00,-0.00,-0.00, 8.5,-0.1,-0.1,-0.1, 175, 13.083,   0.191,   141
22,10,01,20,19,06,0.24,-0.00,-0.00,-0.00, 7.5,-0.1,-0.1,-0.1, 175, 12.289,   0.080,   189
22,10,01,22,19,06,0.44,0.58,0.47,0.76, 7.5, 6.8, 6.4, 7.6, 155, 12.652,   0.214,   302
22,10,02,00,19,06,0.28,-0.00,-0.00,-0.00, 6.7,-0.1,-0.1,-0.1, 171, 13.936,   0.297,   309
22,10,02,02,19,06,0.29,-0.00,-0.00,-0.00, 6.7,-0.1,-0.1,-0.1, 185, 14.785,   0.164,   298
22,10,02,04,19,06,0.35,-0.00,-0.00,-0.00,14.2,-0.1,-0.1,-0.1, 184, 14.650,   0.094,   126
22,10,02,06,19,06,0.43,-0.00,-0.00,-0.00, 2.6,-0.1,-0.1,-0.1,  39, 13.410,   0.168,   142
22,10,02,08,19,06,0.29,-0.00,-0.00,-0.00, 9.8,-0.1,-0.1,-0.1, 185, 12.633,   0.073,   173
22,10,02,10,19,06,0.61,0.82,0.69,-0.00,11.6, 4.8, 4.2,-0.1, 195, 12.887,   0.194,   299
22,10,02,12,19,06,0.69,0.79,0.69,-0.00,11.6, 4.2, 3.9,-0.1, 159, 14.163,   0.270,   283
22,10,02,14,19,06,0.62,0.72,0.58,1.04,11.6, 6.0, 5.3, 9.0, 147, 15.214,   0.160,   294
22,10,02,16,19,06,0.64,0.76,0.62,1.04,11.6, 5.7, 4.9, 9.1, 147, 15.234,   0.065,   143
22,10,02,18,19,06,0.57,0.77,0.67,-0.00, 9.8, 5.2, 4.8,-0.1, 154, 14.119,   0.207,   137
22,10,02,20,19,06,0.50,0.63,0.51,-0.00, 9.8, 5.2, 4.5,-0.1, 171, 12.728,   0.103,   166
22,10,02,22,19,06,0.30,-0.00,-0.00,-0.00, 9.8,-0.1,-0.1,-0.1, 163, 12.506,   0.117,   274
22,10,03,00,19,06,0.36,-0.00,-0.00,-0.00, 2.6,-0.1,-0.1,-0.1, 235, 13.196,   0.226,   290
22,10,03,02,19,06,0.27,-0.00,-0.00,-0.00, 9.8,-0.1,-0.1,-0.1, 185, 14.524,   0.168,   289
22,10,03,04,19,06,0.35,-0.00,-0.00,-0.00, 7.5,-0.1,-0.1,-0.1, 167, 14.932,   0.038,   306
22,10,03,06,19,06,0.36,-0.00,-0.00,-0.00, 8.5,-0.1,-0.1,-0.1, 189, 14.394,   0.141,   122
22,10,03,08,19,06,0.27,-0.00,-0.00,-0.00, 8.5,-0.1,-0.1,-0.1, 167, 13.149,   0.123,   138
22,10,03,10,19,06,0.48,0.60,0.48,0.82, 6.1, 5.2, 4.4, 5.6, 159, 12.791,   0.085,   271
22,10,03,12,19,06,0.26,-0.00,-0.00,-0.00, 8.5,-0.1,-0.1,-0.1, 171, 13.414,   0.231,   302
22,10,03,14,19,06,0.26,-0.00,-0.00,-0.00, 8.5,-0.1,-0.1,-0.1, 183, 14.699,   0.231,   295
22,10,03,16,19,06,0.41,-0.00,-0.00,-0.00, 8.5,-0.1,-0.1,-0.1, 171, 15.252,   0.027,   317
22,10,03,18,19,06,0.47,-0.00,-0.00,-0.00, 8.5,-0.1,-0.1,-0.1, 185, 14.846,   0.207,   133
22,10,03,20,19,06,0.43,-0.00,-0.00,-0.00, 8.5,-0.1,-0.1,-0.1, 164, 13.334,   0.206,   127
22,10,03,22,19,06,0.34,-0.00,-0.00,-0.00, 6.7,-0.1,-0.1,-0.1, 189, 12.442,   0.069,   186
22,10,04,00,19,06,0.57,0.71,0.58,0.96, 5.6, 6.0, 5.6, 6.0, 171, 12.670,   0.154,   294
22,10,04,02,19,06,0.43,-0.00,-0.00,-0.00, 8.5,-0.1,-0.1,-0.1, 185, 13.840,   0.251,   307
22,10,04,04,19,06,0.36,-0.00,-0.00,-0.00, 7.5,-0.1,-0.1,-0.1, 179, 14.714,   0.116,   277
22,10,04,06,19,06,0.61,0.69,0.63,-0.00, 8.5, 4.9, 4.0,-0.1, 167, 14.752,   0.073,   145
22,10,04,08,19,06,0.49,-0.00,-0.00,-0.00, 6.7,-0.1,-0.1,-0.1, 167, 13.836,   0.189,   136
22,10,04,10,19,06,0.55,0.72,0.59,0.97, 6.1, 5.9, 5.6, 7.1, 174, 12.763,   0.066,   167
22,10,04,12,19,06,0.59,0.84,0.71,1.09, 8.5, 5.6, 5.4, 5.8, 167, 12.861,   0.128,   285
22,10,04,14,19,06,0.64,0.87,0.73,1.13, 8.5, 5.7, 5.0, 7.1, 167, 13.983,   0.250,   297
22,10,04,16,19,06,0.52,-0.00,-0.00,-0.00, 8.5,-0.1,-0.1,-0.1, 151, 14.977,   0.130,   283
22,10,04,18,19,06,0.78,0.98,0.79,1.32, 7.5, 7.2, 6.7, 7.8, 175, 15.218,   0.039,   143
22,10,04,20,19,06,0.70,0.89,0.79,-0.00, 6.7, 5.7, 5.1,-0.1, 167, 14.323,   0.238,   130
22,10,04,22,19,06,0.68,0.87,0.72,1.07, 7.5, 6.5, 6.4, 9.4, 171, 12.761,   0.144,   153
22,10,05,00,19,06,0.63,-0.00,-0.00,-0.00, 9.8,-0.1,-0.1,-0.1, 167, 12.365,   0.094,   255
22,10,05,02,19,06,0.83,1.02,0.87,1.26, 8.5, 5.5, 5.0, 5.3, 178, 12.990,   0.206,   301
22,10,05,04,19,06,0.54,-0.00,-0.00,-0.00, 8.5,-0.1,-0.1,-0.1, 158, 14.322,   0.193,   296
22,10,05,06,19,06,0.65,-0.00,-0.00,-0.00, 7.5,-0.1,-0.1,-0.1, 184, 14.976,   0.021,   305
22,10,05,08,19,06,0.75,0.74,0.67,-0.00, 8.5, 3.7, 3.5,-0.1, 150, 14.530,   0.154,   127
22,10,05,10,19,06,0.58,-0.00,-0.00,-0.00, 7.5,-0.1,-0.1,-0.1, 169, 13.163,   0.151,   151
22,10,05,12,19,06,0.72,0.93,0.77,1.10, 8.5, 6.8, 6.5, 7.3, 174, 12.594,   0.079,   220
22,10,05,14,19,06,0.71,-0.00,-0.00,-0.00, 8.5,-0.1,-0.1,-0.1, 157, 13.118,   0.211,   296
22,10,05,16,19,06,0.53,-0.00,-0.00,-0.00, 8.5,-0.1,-0.1,-0.1, 175, 14.512,   0.237,   299
22,10,05,18,19,06,0.75,0.93,0.74,1.27, 8.5, 7.4, 6.6, 7.6, 184, 15.369,   0.099,   302
22,10,05,20,19,06,0.76,1.20,0.97,1.46, 8.5, 7.0, 6.4, 8.4, 166, 15.090,   0.192,   119
22,10,05,22,19,06,0.58,-0.00,-0.00,-0.00, 7.5,-0.1,-0.1,-0.1, 166, 13.588,   0.246,   142
22,10,06,00,19,06,0.47,-0.00,-0.00,-0.00, 7.5,-0.1,-0.1,-0.1, 166, 12.430,   0.098,   184
22,10,06,02,19,06,0.60,-0.00,-0.00,-0.00, 6.7,-0.1,-0.1,-0.1, 173, 12.546,   0.150,   281
22,10,06,04,19,06,0.50,-0.00,-0.00,-0.00, 7.5,-0.1,-0.1,-0.1, 170, 13.819,   0.276,   302
22,10,06,06,19,06,0.46,-0.00,-0.00,-0.00, 7.5,-0.1,-0.1,-0.1, 170, 14.944,   0.161,   296
22,10,06,08,19,06,0.59,0.79,0.63,1.06, 7.5, 7.2, 6.4, 6.6, 169, 15.084,   0.076,   119
22,10,06,10,19,06,0.52,0.77,0.65,0.84, 8.5, 6.9, 6.3, 6.9, 146, 14.005,   0.241,   136
22,10,06,12,19,06,0.49,0.66,0.53,0.87, 7.5, 7.6, 7.3, 6.9, 169, 12.664,   0.166,   170
22,10,06,14,19,06,0.51,0.60,0.50,0.80, 7.5, 6.4, 6.6, 6.4, 170, 12.599,   0.156,   281
22,10,06,16,19,06,0.39,-0.00,-0.00,-0.00, 8.5,-0.1,-0.1,-0.1, 166, 13.753,   0.329,   307
22,10,06,18,19,06,0.36,-0.00,-0.00,-0.00, 6.7,-0.1,-0.1,-0.1, 170, 15.006,   0.216,   297
22,10,06,20,19,06,0.46,0.61,0.48,0.84, 7.5, 6.6, 5.9, 7.0, 157, 15.422,   0.037,   137
22,10,06,22,19,06,0.28,-0.00,-0.00,-0.00, 7.5,-0.1,-0.1,-0.1, 162, 14.471,   0.281,   122
22,10,07,00,19,06,0.22,-0.00,-0.00,-0.00, 7.5,-0.1,-0.1,-0.1, 154, 12.708,   0.183,   150
22,10,07,02,19,06,0.27,-0.00,-0.00,-0.00, 6.7,-0.1,-0.1,-0.1, 188, 12.212,   0.114,   234
22,10,07,04,19,06,0.32,-0.00,-0.00,-0.00, 6.7,-0.1,-0.1,-0.1, 184, 12.995,   0.293,   300
22,10,07,06,19,06,0.25,-0.00,-0.00,-0.00, 7.5,-0.1,-0.1,-0.1, 174, 14.519,   0.266,   304
22,10,07,08,19,06,0.27,-0.00,-0.00,-0.00, 7.5,-0.1,-0.1,-0.1, 178, 15.278,   0.074,   316
22,10,07,10,19,06,0.24,-0.00,-0.00,-0.00, 8.5,-0.1,-0.1,-0.1, 162, 14.741,   0.195,   116
22,10,07,12,19,06,0.18,-0.00,-0.00,-0.00, 7.5,-0.1,-0.1,-0.1, 162, 13.066,   0.192,   138
22,10,07,14,19,06,0.22,-0.00,-0.00,-0.00, 6.7,-0.1,-0.1,-0.1, 170, 12.304,   0.092,   211
22,10,07,16,19,06,0.35,0.58,0.46,-0.00, 6.1, 5.8, 5.7,-0.1, 158, 12.919,   0.249,   295
22,10,07,18,19,06,0.29,-0.00,-0.00,-0.00, 8.5,-0.1,-0.1,-0.1, 184, 14.478,   0.264,   300
22,10,07,20,19,06,0.49,0.61,0.49,0.85, 7.5, 6.2, 5.2, 6.9, 188, 15.464,   0.136,   310
22,10,07,22,19,06,0.52,0.68,0.55,0.95, 7.5, 6.8, 6.3, 7.0, 170, 15.131,   0.215,   108
22,10,08,00,19,06,0.30,-0.00,-0.00,-0.00, 7.5,-0.1,-0.1,-0.1, 174, 13.427,   0.278,   135
22,10,08,02,19,06,0.30,-0.00,-0.00,-0.00, 7.5,-0.1,-0.1,-0.1, 178, 12.165,   0.195,   188
22,10,08,04,19,06,0.38,-0.00,-0.00,-0.00, 6.7,-0.1,-0.1,-0.1, 174, 12.516,   0.198,   273
22,10,08,06,19,06,0.57,0.82,0.69,1.08, 6.7, 4.7, 4.4, 5.6, 169, 13.976,   0.315,   304
22,10,08,08,19,06,0.42,0.54,0.44,0.72, 5.6, 5.3, 4.9, 4.6, 206, 15.211,   0.197,   307
22,10,08,10,19,06,0.53,0.64,0.53,0.88, 5.6, 4.9, 4.7, 5.8, 213, 15.242,   0.150,   115
22,10,08,12,19,06,0.27,-0.00,-0.00,-0.00, 7.5,-0.1,-0.1,-0.1, 183, 13.820,   0.317,   143
22,10,08,14,19,06,0.26,-0.00,-0.00,-0.00, 7.5,-0.1,-0.1,-0.1, 161, 12.347,   0.205,   182
22,10,08,16,19,06,0.29,-0.00,-0.00,-0.00, 6.1,-0.1,-0.1,-0.1, 326, 12.375,   0.203,   251
22,10,08,18,19,06,0.29,-0.00,-0.00,-0.00, 5.6,-0.1,-0.1,-0.1, 173, 13.780,   0.318,   304
22,10,08,20,19,06,0.34,0.46,0.38,0.61, 5.6, 5.1, 4.7, 5.6, 205, 15.106,   0.159,   303
22,10,08,22,19,06,0.39,0.50,0.40,0.63, 7.5, 5.2, 4.7, 5.9, 173, 15.393,   0.111,   111
22,10,09,00,19,06,0.33,0.61,0.54,0.81, 6.7, 5.1, 4.7, 4.3, 187, 14.177,   0.292,   129
22,10,09,02,19,06,0.19,-0.00,-0.00,-0.00, 7.5,-0.1,-0.1,-0.1, 177, 12.431,   0.223,   166
22,10,09,04,19,06,0.24,-0.00,-0.00,-0.00, 6.1,-0.1,-0.1,-0.1, 161, 12.149,   0.135,   244
22,10,09,06,19,06,0.28,-0.00,-0.00,-0.00, 4.7,-0.1,-0.1,-0.1, 182, 13.211,   0.328,   294
22,10,09,08,19,06,0.20,-0.00,-0.00,-0.00, 5.1,-0.1,-0.1,-0.1, 177, 14.839,   0.193,   291
22,10,09,10,19,06,0.30,0.45,0.37,0.68, 4.4, 4.9, 4.4, 5.4, 205, 15.487,   0.029,   123
22,10,09,12,19,06,0.23,-0.00,-0.00,-0.00, 7.5,-0.1,-0.1,-0.1, 182, 14.559,   0.283,   122
22,10,09,14,19,06,0.49,0.62,0.51,0.84, 2.7, 3.4, 3.5, 3.3, 209, 12.698,   0.258,   144
22,10,09,16,19,06,0.46,-0.00,-0.00,-0.00, 4.7,-0.1,-0.1,-0.1, 198, 12.102,   0.082,   224
22,10,09,18,19,06,0.62,0.83,0.69,1.12, 5.6, 3.9, 3.9, 6.1, 209, 12.922,   0.178,   277
22,10,09,20,19,06,0.45,-0.00,-0.00,-0.00, 5.6,-0.1,-0.1,-0.1, 209, 14.579,   0.269,   311
22,10,09,22,19,06,0.69,0.87,0.71,1.19, 6.1, 5.0, 4.9, 5.3, 213, 15.419,   0.036,   310
22,10,10,00,19,06,0.52,-0.00,-0.00,-0.00, 6.1,-0.1,-0.1,-0.1, 209, 14.765,   0.244,   128
22,10,10,02,19,06,0.42,0.64,0.52,0.81, 6.7, 5.0, 5.1, 5.5, 197, 12.944,   0.266,   146
22,10,10,04,19,06,0.32,-0.00,-0.00,-0.00, 6.7,-0.1,-0.1,-0.1, 181, 12.118,   0.139,   183
22,10,10,06,19,06,0.46,0.62,0.51,0.77, 6.7, 6.0, 5.9, 6.1, 197, 12.791,   0.247,   286
22,10,10,08,19,06,0.55,0.86,0.76,1.00, 6.1, 6.0, 5.1, 6.1, 197, 14.481,   0.292,   303
22,10,10,10,19,06,0.41,0.54,0.44,0.72, 6.1, 6.0, 5.9, 5.9, 210, 15.497,   0.124,   294
22,10,10,12,19,06,0.44,0.61,0.51,0.82, 5.6, 5.7, 5.5, 5.5, 202, 15.123,   0.208,   131
22,10,10,14,19,06,0.27,-0.00,-0.00,-0.00, 6.1,-0.1,-0.1,-0.1, 202, 13.389,   0.213,   141
22,10,10,16,19,06,0.26,-0.00,-0.00,-0.00, 6.7,-0.1,-0.1,-0.1, 197, 12.187,   0.184,   177
22,10,10,18,19,06,0.37,0.48,0.39,0.65, 6.1, 5.2, 5.0, 5.8, 165, 12.596,   0.228,   287
22,10,10,20,19,06,0.29,-0.00,-0.00,-0.00, 6.1,-0.1,-0.1,-0.1, 169, 14.109,   0.338,   299
22,10,10,22,19,06,0.26,0.34,0.28,0.50, 6.1, 5.9, 5.8, 5.5, 173, 15.254,   0.149,   301
22,10,11,00,19,06,0.44,0.58,0.48,0.73, 4.7, 4.6, 4.2, 5.3, 225, 15.163,   0.154,   115
22,10,11,02,19,06,0.25,-0.00,-0.00,-0.00, 5.1,-0.1,-0.1,-0.1, 201, 13.712,   0.285,   135
22,10,11,04,19,06,0.20,-0.00,-0.00,-0.00, 4.7,-0.1,-0.1,-0.1, 182, 12.305,   0.139,   174
22,10,11,06,19,06,0.22,-0.00,-0.00,-0.00, 4.4,-0.1,-0.1,-0.1, 187, 12.521,   0.186,   281
22,10,11,08,19,06,0.54,0.78,0.64,0.91,25.6, 5.6, 5.2, 5.9, 161, 13.993,   0.334,   303
22,10,11,10,19,06,0.26,-0.00,-0.00,-0.00, 5.6,-0.1,-0.1,-0.1, 187, 15.264,   0.198,   294
22,10,11,12,19,06,0.35,0.48,0.38,0.62, 5.6, 5.4, 5.2, 5.4, 198, 15.382,   0.105,   116
22,10,11,14,19,06,0.29,0.45,0.36,0.62, 5.6, 5.4, 5.1, 5.5, 205, 14.051,   0.273,   125
22,10,11,16,19,06,0.16,-0.00,-0.00,-0.00, 5.1,-0.1,-0.1,-0.1, 165, 12.399,   0.199,   168
22,10,11,18,19,06,0.22,-0.00,-0.00,-0.00, 5.1,-0.1,-0.1,-0.1, 169, 12.275,   0.144,   270
22,10,11,20,19,06,0.29,-0.00,-0.00,-0.00, 5.6,-0.1,-0.1,-0.1, 173, 13.400,   0.322,   299
22,10,11,22,19,06,0.19,-0.00,-0.00,-0.00, 6.1,-0.1,-0.1,-0.1, 173, 14.817,   0.214,   295
22,10,12,00,19,06,0.21,-0.00,-0.00,-0.00, 6.1,-0.1,-0.1,-0.1, 188, 15.202,   0.037,    78
22,10,12,02,19,06,0.15,-0.00,-0.00,-0.00, 6.7,-0.1,-0.1,-0.1, 197, 14.232,   0.268,   122
22,10,12,04,19,06,0.15,0.32,0.26,-0.00, 9.8, 4.6, 4.0,-0.1, 165, 12.644,   0.192,   148
22,10,12,06,19,06,0.15,-0.00,-0.00,-0.00, 5.6,-0.1,-0.1,-0.1, 165, 12.391,   0.098,   268
22,10,12,08,19,06,0.20,-0.00,-0.00,-0.00, 7.5,-0.1,-0.1,-0.1, 161, 13.402,   0.294,   307
22,10,12,10,19,06,0.13,-0.00,-0.00,-0.00, 9.8,-0.1,-0.1,-0.1, 161, 14.887,   0.247,   295
22,10,12,12,19,06,0.22,0.34,0.27,-0.00, 9.8, 4.9, 4.2,-0.1, 157, 15.434,   0.024,   317
22,10,12,14,19,06,0.21,-0.00,-0.00,-0.00, 9.8,-0.1,-0.1,-0.1, 168, 14.614,   0.266,   124
22,10,12,16,19,06,0.13,-0.00,-0.00,-0.00, 4.4,-0.1,-0.1,-0.1, 165, 12.837,   0.226,   133
22,10,12,18,19,06,0.15,-0.00,-0.00,-0.00, 9.8,-0.1,-0.1,-0.1, 183, 12.243,   0.087,   218
22,10,12,20,19,06,0.28,0.45,0.36,-0.00, 9.8, 5.7, 5.2,-0.1, 188, 12.917,   0.209,   292
22,10,12,22,19,06,0.21,-0.00,-0.00,-0.00, 8.5,-0.1,-0.1,-0.1, 173, 14.406,   0.280,   299
22,10,13,00,19,06,0.17,-0.00,-0.00,-0.00, 8.5,-0.1,-0.1,-0.1, 157, 15.188,   0.082,   300
22,10,13,02,19,06,0.15,-0.00,-0.00,-0.00, 8.5,-0.1,-0.1,-0.1, 157, 14.770,   0.208,   119
22,10,13,04,19,06,0.12,-0.00,-0.00,-0.00, 8.5,-0.1,-0.1,-0.1, 149, 13.229,   0.239,   122
22,10,13,06,19,06,0.17,-0.00,-0.00,-0.00, 8.5,-0.1,-0.1,-0.1, 165, 12.584,   0.060,   192
22,10,13,08,19,06,0.19,-0.00,-0.00,-0.00, 8.5,-0.1,-0.1,-0.1, 177, 13.064,   0.188,   287
22,10,13,10,19,06,0.24,-0.00,-0.00,-0.00, 3.1,-0.1,-0.1,-0.1, 173, 14.529,   0.288,   303
22,10,13,12,19,06,0.19,-0.00,-0.00,-0.00, 8.5,-0.1,-0.1,-0.1, 165, 15.401,   0.149,   298
22,10,13,14,19,06,0.41,1.28,1.15,1.48, 2.7, 5.3, 3.4, 6.1, 149, 15.075,   0.145,   103
22,10,13,16,19,06,0.34,-0.00,-0.00,-0.00, 3.0,-0.1,-0.1,-0.1, 145, 13.607,   0.240,   130
22,10,13,18,19,06,0.44,-0.00,-0.00,-0.00, 3.1,-0.1,-0.1,-0.1, 169, 12.455,   0.091,   164
22,10,13,20,19,06,0.64,0.78,0.64,1.04, 3.5, 3.3, 3.4, 3.6, 145, 12.681,   0.117,   273
22,10,13,22,19,06,0.63,1.29,1.04,1.56, 3.9, 3.8, 3.4, 3.0, 165, 13.903,   0.263,   305
22,10,14,00,19,06,0.64,-0.00,-0.00,-0.00, 3.1,-0.1,-0.1,-0.1, 169, 14.932,   0.171,   284
22,10,14,02,19,06,0.68,-0.00,-0.00,-0.00, 3.3,-0.1,-0.1,-0.1, 145, 14.944,   0.030,    93
22,10,14,04,19,06,0.76,0.99,0.82,1.33, 3.9, 3.9, 4.1, 3.8, 156, 13.952,   0.235,   123
22,10,14,06,19,06,0.69,0.92,0.77,1.26, 3.5, 4.1, 4.2, 4.4, 149, 12.819,   0.095,   139
22,10,14,08,19,06,0.84,1.07,0.91,1.38, 5.1, 4.3, 4.2, 3.9, 168, 12.952,   0.131,   286
22,10,14,10,19,06,0.95,1.18,1.01,1.56, 6.7, 5.0, 4.6, 5.5, 169, 14.132,   0.224,   296
22,10,14,12,19,06,1.14,1.36,1.11,1.87, 3.5, 5.0, 4.8, 6.0, 161, 15.160,   0.148,   284
22,10,14,14,19,06,1.21,1.50,1.22,1.99, 7.5, 5.7, 5.5, 5.3, 193, 15.287,   0.055,   236
22,10,14,16,19,06,0.99,1.18,1.01,1.75, 8.5, 4.8, 4.7, 3.9, 183, 14.216,   0.225,   130
22,10,14,18,19,06,1.07,1.30,1.10,1.67, 4.1, 5.4, 5.1, 5.9, 134, 12.817,   0.145,   151
22,10,14,20,19,06,1.19,1.40,1.16,1.86, 7.5, 6.0, 5.8, 5.5, 168, 12.598,   0.072,   250
22,10,14,22,19,06,1.19,-0.00,-0.00,-0.00, 7.5,-0.1,-0.1,-0.1, 157, 13.374,   0.192,   299
22,10,15,00,19,06,1.14,-0.00,-0.00,-0.00, 8.5,-0.1,-0.1,-0.1, 183, 14.576,   0.197,   294
22,10,15,02,19,06,1.29,-0.00,-0.00,-0.00, 8.5,-0.1,-0.1,-0.1, 174, 14.970,   0.060,   224
22,10,15,04,19,06,0.98,1.16,1.02,-0.00, 6.7, 5.0, 4.6,-0.1, 183, 14.409,   0.148,   119
22,10,15,06,19,06,0.98,1.17,1.03,1.32, 9.8, 5.3, 4.8, 5.4, 169, 13.148,   0.120,   137
22,10,15,08,19,06,1.04,1.23,1.06,1.57, 8.5, 6.3, 5.9, 5.8, 153, 12.868,   0.056,   281
22,10,15,10,19,06,1.19,-0.00,-0.00,-0.00, 9.8,-0.1,-0.1,-0.1, 182, 13.683,   0.184,   294
22,10,15,12,19,06,0.84,0.76,0.72,-0.00, 8.5, 3.6, 3.5,-0.1, 188, 14.762,   0.186,   289
22,10,15,14,19,06,1.18,1.41,1.17,1.75,11.6, 8.4, 8.0, 8.8, 187, 15.238,   0.018,   183
22,10,15,16,19,06,0.78,-0.00,-0.00,-0.00, 9.8,-0.1,-0.1,-0.1, 193, 14.634,   0.233,   106
22,10,15,18,19,06,0.73,-0.00,-0.00,-0.00, 9.8,-0.1,-0.1,-0.1, 193, 13.237,   0.150,   126
22,10,15,20,19,06,0.84,1.05,0.87,1.28, 9.8, 7.3, 7.2, 7.9, 157, 12.620,   0.082,   242
22,10,15,22,19,06,0.95,1.16,1.02,1.42, 7.5, 6.4, 6.2, 6.0, 160, 12.985,   0.220,   281
22,10,16,00,19,06,0.95,1.18,1.02,1.53, 7.5, 6.0, 5.8, 5.5, 182, 14.130,   0.246,   301
22,10,16,02,19,06,0.80,-0.00,-0.00,-0.00, 7.5,-0.1,-0.1,-0.1, 188, 14.816,   0.088,   277
22,10,16,04,19,06,0.69,-0.00,-0.00,-0.00, 9.8,-0.1,-0.1,-0.1, 161, 14.609,   0.106,   113
22,10,16,06,19,06,0.57,-0.00,-0.00,-0.00, 9.8,-0.1,-0.1,-0.1, 165, 13.672,   0.146,    88
22,10,16,08,19,06,0.65,0.88,0.77,1.08, 8.5, 7.2, 6.8, 7.1, 149, 12.951,   0.033,   118
22,10,16,10,19,06,0.60,-0.00,-0.00,-0.00, 8.5,-0.1,-0.1,-0.1, 167, 13.242,   0.126,   303
22,10,16,12,19,06,0.63,-0.00,-0.00,-0.00, 6.7,-0.1,-0.1,-0.1, 183, 14.304,   0.246,   296
22,10,16,14,19,06,0.54,-0.00,-0.00,-0.00, 8.5,-0.1,-0.1,-0.1, 169, 15.009,   0.116,   290
22,10,16,16,19,06,0.49,-0.00,-0.00,-0.00, 8.5,-0.1,-0.1,-0.1, 177, 14.924,   0.098,   115
22,10,16,18,19,06,0.44,0.71,0.61,0.85, 7.5, 7.1, 6.9, 6.5, 169, 13.934,   0.172,   104
22,10,16,20,19,06,0.40,0.68,0.55,0.83, 9.8, 6.8, 6.1, 7.8, 153, 12.846,   0.120,   134
22,10,16,22,19,06,0.37,-0.00,-0.00,-0.00, 9.8,-0.1,-0.1,-0.1, 165, 12.814,   0.099,   321
22,10,17,00,19,06,0.33,0.75,0.58,0.93, 6.7, 5.5, 5.5, 7.3, 133, 13.631,   0.181,   309
22,10,17,02,19,06,0.53,0.89,0.76,1.18, 9.8, 7.6, 7.3, 6.0, 181, 14.537,   0.218,   309
22,10,17,04,19,06,0.34,-0.00,-0.00,-0.00, 8.5,-0.1,-0.1,-0.1, 153, 14.715,   0.026,   117
22,10,17,06,19,06,0.31,-0.00,-0.00,-0.00, 9.8,-0.1,-0.1,-0.1, 148, 14.147,   0.178,   110
22,10,17,08,19,06,0.25,-0.00,-0.00,-0.00, 9.8,-0.1,-0.1,-0.1, 148, 13.223,   0.112,    94
22,10,17,10,19,06,0.31,-0.00,-0.00,-0.00, 9.8,-0.1,-0.1,-0.1, 160, 13.114,   0.034,   307
22,10,17,12,19,06,0.49,1.17,0.98,1.36, 8.5, 4.8, 4.2, 7.0, 176, 13.858,   0.173,   292
22,10,17,14,19,06,0.30,-0.00,-0.00,-0.00, 8.5,-0.1,-0.1,-0.1, 177, 14.747,   0.137,   281
22,10,17,16,19,06,0.34,-0.00,-0.00,-0.00, 9.8,-0.1,-0.1,-0.1, 169, 15.008,   0.038,   268
22,10,17,18,19,06,0.33,-0.00,-0.00,-0.00, 9.8,-0.1,-0.1,-0.1, 182, 14.442,   0.188,   124
22,10,17,20,19,06,0.33,-0.00,-0.00,-0.00, 3.5,-0.1,-0.1,-0.1, 160, 13.301,   0.167,    96
22,10,17,22,19,06,0.42,0.66,0.54,-0.00, 3.5, 4.6, 4.3,-0.1, 169, 12.792,   0.071,    60
22,10,18,00,19,06,0.29,-0.00,-0.00,-0.00, 8.5,-0.1,-0.1,-0.1, 176, 13.138,   0.142,   284
22,10,18,02,19,06,0.40,-0.00,-0.00,-0.00, 3.7,-0.1,-0.1,-0.1, 164, 14.120,   0.207,   294
22,10,18,04,19,06,0.31,-0.00,-0.00,-0.00, 7.5,-0.1,-0.1,-0.1, 160, 14.671,   0.069,   290
22,10,18,06,19,06,0.52,-0.00,-0.00,-0.00, 3.3,-0.1,-0.1,-0.1, 160, 14.509,   0.113,   103
22,10,18,08,19,06,0.52,-0.00,-0.00,-0.00, 5.6,-0.1,-0.1,-0.1, 171, 13.767,   0.174,   104
22,10,18,10,19,06,0.75,0.97,0.87,1.37, 5.1, 3.9, 3.7, 7.1, 168, 13.121,   0.058,    86
22,10,18,12,19,06,0.67,-0.00,-0.00,-0.00, 4.4,-0.1,-0.1,-0.1, 187, 13.350,   0.095,   272
22,10,18,14,19,06,0.91,-0.00,-0.00,-0.00, 4.1,-0.1,-0.1,-0.1, 163, 14.334,   0.202,   289
22,10,18,16,19,06,0.91,-0.00,-0.00,-0.00, 3.9,-0.1,-0.1,-0.1, 164, 14.965,   0.110,   296
22,10,18,18,19,06,0.94,1.90,1.39,-0.00, 6.7,13.3, 9.8,-0.1, 204, 14.874,   0.080,   154
22,10,18,20,19,06,1.11,1.32,1.12,-0.00, 6.1, 4.9, 4.5,-0.1, 164, 14.020,   0.195,   139
22,10,18,22,19,06,1.06,1.34,1.11,1.77, 6.1, 5.0, 4.5, 4.4, 168, 12.991,   0.096,   151
22,10,19,00,19,06,1.17,1.38,1.19,1.76, 6.1, 4.9, 4.7, 5.3, 180, 12.938,   0.116,   242
22,10,19,02,19,06,1.46,-0.00,-0.00,-0.00, 4.4,-0.1,-0.1,-0.1, 148, 13.756,   0.187,   296
22,10,19,04,19,06,1.18,-0.00,-0.00,-0.00, 6.7,-0.1,-0.1,-0.1, 163, 14.591,   0.150,   287
22,10,19,06,19,06,0.91,1.35,1.09,-0.00,11.6, 9.3, 7.2,-0.1, 160, 14.785,   0.071,   241
22,10,19,08,19,06,1.41,-0.00,-0.00,-0.00, 7.5,-0.1,-0.1,-0.1, 186, 14.298,   0.109,   155
22,10,19,10,19,06,1.50,-0.00,-0.00,-0.00, 9.8,-0.1,-0.1,-0.1, 182, 13.392,   0.134,   161
22,10,19,12,19,06,1.32,1.50,1.29,1.74, 9.8, 7.0, 7.1, 7.0, 165, 13.124,   0.100,   207
22,10,19,14,19,06,1.44,1.69,1.39,2.44, 7.5, 6.8, 6.6, 6.5, 188, 13.870,   0.147,   285
22,10,19,16,19,06,0.91,1.09,0.95,1.34, 9.8, 5.4, 4.6, 5.5, 201, 14.688,   0.182,   288
22,10,19,18,19,06,0.96,-0.00,-0.00,-0.00, 8.5,-0.1,-0.1,-0.1, 183, 15.002,   0.013,   199
22,10,19,20,19,06,0.99,1.24,1.05,1.45,11.6, 8.9, 8.2, 6.5, 192, 14.456,   0.167,   118
22,10,19,22,19,06,0.85,1.09,0.92,1.29, 9.8, 8.4, 8.3, 9.0, 187, 13.288,   0.142,   125
22,10,20,00,19,06,0.89,1.08,0.91,1.34,11.6, 9.2, 9.0, 8.0, 140, 12.753,   0.041,   225
22,10,20,02,19,06,1.06,1.32,1.10,1.57, 8.5, 7.8, 7.5, 8.5, 156, 13.130,   0.173,   296
22,10,20,04,19,06,1.10,1.35,1.10,1.75,11.6, 8.6, 7.5, 8.0, 176, 14.151,   0.225,   310
22,10,20,06,19,06,0.85,-0.00,-0.00,-0.00, 9.8,-0.1,-0.1,-0.1, 182, 14.732,   0.094,   324
22,10,20,08,19,06,0.73,-0.00,-0.00,-0.00, 9.8,-0.1,-0.1,-0.1, 172, 14.560,   0.133,    98
22,10,20,10,19,06,0.62,-0.00,-0.00,-0.00, 9.8,-0.1,-0.1,-0.1, 164, 13.654,   0.228,   114
22,10,20,12,19,06,0.87,1.00,0.86,-0.00, 9.8, 6.3, 5.6,-0.1, 176, 12.940,   0.028,   120
22,10,20,14,19,06,0.77,1.02,0.92,-0.00, 7.5, 5.6, 5.0,-0.1, 200, 13.187,   0.097,   281
22,10,20,16,19,06,0.68,-0.00,-0.00,-0.00, 8.5,-0.1,-0.1,-0.1, 172, 14.216,   0.186,   312
22,10,20,18,19,06,0.65,-0.00,-0.00,-0.00, 8.5,-0.1,-0.1,-0.1, 171, 14.953,   0.125,   309
22,10,20,20,19,06,0.88,1.27,1.05,-0.00, 9.8,13.3, 8.0,-0.1, 160, 14.852,   0.144,    92
22,10,20,22,19,06,0.89,1.48,1.26,1.94, 3.9, 4.5, 3.8, 5.3, 181, 13.891,   0.186,   118
22,10,21,00,19,06,0.75,0.97,0.84,1.30, 8.5, 5.1, 5.0, 7.4, 187, 12.775,   0.067,   109
22,10,21,02,19,06,0.85,1.10,0.95,1.31, 8.5, 5.7, 5.4, 4.5, 171, 12.801,   0.126,   294
22,10,21,04,19,06,0.73,-0.00,-0.00,-0.00, 7.5,-0.1,-0.1,-0.1, 164, 13.777,   0.228,   311
22,10,21,06,19,06,0.72,-0.00,-0.00,-0.00, 7.5,-0.1,-0.1,-0.1, 144, 14.702,   0.156,   312
22,10,21,08,19,06,0.67,-0.00,-0.00,-0.00, 7.5,-0.1,-0.1,-0.1, 208, 14.945,   0.038,    87
22,10,21,10,19,06,0.57,-0.00,-0.00,-0.00, 8.5,-0.1,-0.1,-0.1, 172, 14.178,   0.181,   112
22,10,21,12,19,06,0.48,-0.00,-0.00,-0.00, 7.5,-0.1,-0.1,-0.1, 168, 12.997,   0.127,   114
22,10,21,14,19,06,0.63,0.85,0.74,1.11, 6.7, 6.0, 5.5, 6.3, 186, 12.883,   0.026,   288
22,10,21,16,19,06,0.55,-0.00,-0.00,-0.00, 6.7,-0.1,-0.1,-0.1, 164, 13.775,   0.197,   298
22,10,21,18,19,06,0.49,-0.00,-0.00,-0.00, 6.7,-0.1,-0.1,-0.1, 200, 14.784,   0.156,   298
22,10,21,20,19,06,0.62,0.75,0.62,0.97, 7.5, 7.1, 6.5, 6.5, 168, 15.117,   0.049,   128
22,10,21,22,19,06,0.34,-0.00,-0.00,-0.00, 7.5,-0.1,-0.1,-0.1, 181, 14.402,   0.214,   115
22,10,22,00,19,06,0.28,-0.00,-0.00,-0.00, 8.5,-0.1,-0.1,-0.1, 164, 12.992,   0.191,   122
22,10,22,02,19,06,0.45,0.56,0.45,0.77, 7.5, 8.5, 7.5, 8.0, 172, 12.604,   0.033,   249
22,10,22,04,19,06,0.38,-0.00,-0.00,-0.00, 7.5,-0.1,-0.1,-0.1, 172, 13.263,   0.213,   304
22,10,22,06,19,06,0.39,-0.00,-0.00,-0.00, 7.5,-0.1,-0.1,-0.1, 181, 14.561,   0.230,   300
22,10,22,08,19,06,0.50,0.63,0.52,0.80, 6.7, 7.9, 7.5, 7.0, 197, 15.158,   0.017,   282
22,10,22,10,19,06,0.39,-0.00,-0.00,-0.00, 6.7,-0.1,-0.1,-0.1, 160, 14.682,   0.160,   115
22,10,22,12,19,06,0.33,-0.00,-0.00,-0.00, 7.5,-0.1,-0.1,-0.1, 176, 13.256,   0.194,   142
22,10,22,14,19,06,0.51,0.64,0.51,0.86, 7.5, 7.2, 7.1, 8.3, 192, 12.684,   0.035,   211
22,10,22,16,19,06,0.49,-0.00,-0.00,-0.00, 6.1,-0.1,-0.1,-0.1, 168, 13.132,   0.202,   288
22,10,22,18,19,06,0.52,0.88,0.77,1.16, 7.5, 4.8, 4.6, 7.9, 182, 14.504,   0.249,   292
22,10,22,20,19,06,0.39,-0.00,-0.00,-0.00, 6.7,-0.1,-0.1,-0.1, 168, 15.235,   0.132,   304
22,10,22,22,19,06,0.41,-0.00,-0.00,-0.00, 7.5,-0.1,-0.1,-0.1, 176, 14.871,   0.173,   116
22,10,23,00,19,06,0.32,-0.00,-0.00,-0.00, 7.5,-0.1,-0.1,-0.1, 164, 13.379,   0.182,   124
22,10,23,02,19,06,0.33,-0.00,-0.00,-0.00, 7.5,-0.1,-0.1,-0.1, 168, 12.518,   0.046,   150
22,10,23,04,19,06,0.41,-0.00,-0.00,-0.00, 6.7,-0.1,-0.1,-0.1, 177, 12.880,   0.195,   289
22,10,23,06,19,06,0.39,-0.00,-0.00,-0.00, 6.1,-0.1,-0.1,-0.1, 160, 14.220,   0.329,   294
22,10,23,08,19,06,0.40,0.53,0.44,0.73, 6.1, 6.6, 6.3, 6.9, 187, 15.232,   0.155,   294
22,10,23,10,19,06,0.45,0.60,0.48,0.76, 8.5, 7.4, 6.7, 6.8, 160, 15.073,   0.167,   116
22,10,23,12,19,06,0.29,-0.00,-0.00,-0.00, 6.7,-0.1,-0.1,-0.1, 172, 13.790,   0.234,   138
22,10,23,14,19,06,0.28,0.39,0.31,0.54, 6.7, 6.8, 6.1, 7.6, 160, 12.599,   0.112,   195
22,10,23,16,19,06,0.45,0.61,0.51,0.74, 7.5, 6.1, 5.9, 6.0, 164, 12.797,   0.220,   282
22,10,23,18,19,06,0.42,-0.00,-0.00,-0.00, 6.7,-0.1,-0.1,-0.1, 156, 14.078,   0.299,   296
22,10,23,20,19,06,0.41,0.62,0.50,0.84, 6.7, 5.5, 4.9, 5.6, 156, 15.159,   0.149,   288
22,10,23,22,19,06,0.43,0.56,0.46,0.74, 7.5, 6.9, 6.4, 7.6, 163, 15.172,   0.124,   124
22,10,24,00,19,06,0.32,0.44,0.36,0.60, 6.7, 7.3, 6.7, 7.0, 165, 14.022,   0.240,   138
22,10,24,02,19,06,0.29,0.37,0.30,0.51, 6.7, 5.8, 5.0, 7.3, 164, 12.609,   0.152,   160
22,10,24,04,19,06,0.39,0.53,0.42,0.71, 6.7, 6.0, 5.4, 5.6, 164, 12.682,   0.237,   279
22,10,24,06,19,06,0.42,-0.00,-0.00,-0.00, 3.9,-0.1,-0.1,-0.1, 175, 13.880,   0.302,   302
22,10,24,08,19,06,0.27,-0.00,-0.00,-0.00, 6.7,-0.1,-0.1,-0.1, 172, 15.145,   0.192,   289
22,10,24,10,19,06,0.56,0.70,0.58,0.94, 5.6, 4.8, 4.4, 5.0, 188, 15.364,   0.068,   136
22,10,24,12,19,06,0.39,-0.00,-0.00,-0.00, 6.1,-0.1,-0.1,-0.1, 164, 14.351,   0.280,   129
22,10,24,14,19,06,0.30,-0.00,-0.00,-0.00, 6.1,-0.1,-0.1,-0.1, 172, 12.709,   0.154,   154
22,10,24,16,19,06,0.39,-0.00,-0.00,-0.00, 5.6,-0.1,-0.1,-0.1, 160, 12.494,   0.173,   268
22,10,24,18,19,06,0.42,-0.00,-0.00,-0.00, 3.9,-0.1,-0.1,-0.1, 159, 13.488,   0.318,   299
22,10,24,20,19,06,0.30,-0.00,-0.00,-0.00, 9.8,-0.1,-0.1,-0.1, 192, 14.882,   0.192,   293
22,10,24,22,19,06,0.29,-0.00,-0.00,-0.00, 9.8,-0.1,-0.1,-0.1, 216, 15.378,   0.004,   276
22,10,25,00,19,06,0.31,-0.00,-0.00,-0.00, 8.5,-0.1,-0.1,-0.1, 176, 14.524,   0.273,   121
22,10,25,02,19,06,0.22,-0.00,-0.00,-0.00, 7.5,-0.1,-0.1,-0.1, 164, 12.846,   0.265,   148
22,10,25,04,19,06,0.30,-0.00,-0.00,-0.00, 6.7,-0.1,-0.1,-0.1, 164, 12.473,   0.117,   255
22,10,25,06,19,06,0.40,-0.00,-0.00,-0.00, 6.1,-0.1,-0.1,-0.1, 172, 13.306,   0.282,   300
22,10,25,08,19,06,0.39,1.07,0.83,1.34, 6.1, 4.0, 3.9, 2.8, 181, 14.917,   0.214,   293
22,10,25,10,19,06,0.51,0.85,0.69,1.25, 6.7, 8.0, 6.8,18.1, 186, 15.593,   0.028,   318
22,10,25,12,19,06,0.32,-0.00,-0.00,-0.00, 6.1,-0.1,-0.1,-0.1, 168, 14.861,   0.272,   126
22,10,25,14,19,06,0.25,-0.00,-0.00,-0.00, 6.7,-0.1,-0.1,-0.1, 152, 12.980,   0.244,   146
22,10,25,16,19,06,0.44,0.65,0.55,-0.00, 6.1,11.0, 5.3,-0.1, 172, 12.215,   0.172,   205
22,10,25,18,19,06,0.34,-0.00,-0.00,-0.00, 6.1,-0.1,-0.1,-0.1, 164, 12.843,   0.240,   293
22,10,25,20,19,06,0.35,-0.00,-0.00,-0.00, 6.7,-0.1,-0.1,-0.1, 176, 14.394,   0.304,   306
22,10,25,22,19,06,0.35,-0.00,-0.00,-0.00, 7.5,-0.1,-0.1,-0.1, 164, 15.317,   0.091,   308
22,10,26,00,19,06,0.33,-0.00,-0.00,-0.00, 8.5,-0.1,-0.1,-0.1, 156, 14.934,   0.221,   110
22,10,26,02,19,06,0.27,-0.00,-0.00,-0.00, 8.5,-0.1,-0.1,-0.1, 160, 13.259,   0.267,   124
22,10,26,04,19,06,0.34,-0.00,-0.00,-0.00, 8.5,-0.1,-0.1,-0.1, 160, 12.356,   0.067,   165
22,10,26,06,19,06,0.58,0.89,0.76,1.11, 8.5, 6.5, 6.3, 5.6, 167, 12.857,   0.215,   296
22,10,26,08,19,06,0.48,-0.00,-0.00,-0.00, 7.5,-0.1,-0.1,-0.1, 172, 14.450,   0.394,   306
22,10,26,10,19,06,0.53,0.69,0.55,1.00, 8.5, 6.8, 5.8, 7.4, 177, 15.535,   0.155,   299
22,10,26,12,19,06,0.58,0.74,0.61,0.97, 8.5, 6.8, 6.1, 6.4, 200, 15.322,   0.183,   113
22,10,26,14,19,06,0.38,-0.00,-0.00,-0.00, 7.5,-0.1,-0.1,-0.1, 167, 13.649,   0.267,   131
22,10,26,16,19,06,0.41,-0.00,-0.00,-0.00, 8.5,-0.1,-0.1,-0.1, 160, 12.222,   0.149,   183
22,10,26,18,19,06,0.71,-0.00,-0.00,-0.00, 8.5,-0.1,-0.1,-0.1, 164, 12.451,   0.249,   288
22,10,26,20,19,06,0.91,-0.00,-0.00,-0.00, 3.5,-0.1,-0.1,-0.1, 177, 13.904,   0.423,   303
22,10,26,22,19,06,1.12,1.40,1.15,1.74, 5.6, 5.5, 5.5, 5.8, 164, 15.106,   0.183,   287
22,10,27,00,19,06,1.05,1.39,1.12,1.90, 7.5, 6.7, 6.7, 6.9, 168, 15.237,   0.084,   120
22,10,27,02,19,06,0.76,-0.00,-0.00,-0.00, 7.5,-0.1,-0.1,-0.1, 169, 13.999,   0.264,   124
22,10,27,04,19,06,0.60,-0.00,-0.00,-0.00, 9.8,-0.1,-0.1,-0.1, 160, 12.541,   0.103,   159
22,10,27,06,19,06,0.87,1.06,0.91,1.40, 7.5, 6.3, 6.3, 5.5, 172, 12.602,   0.143,   275
22,10,27,08,19,06,0.90,1.15,0.97,1.55, 8.5, 5.2, 5.2, 6.8, 172, 13.958,   0.311,   307
22,10,27,10,19,06,0.74,0.98,0.79,1.29, 8.5, 7.3, 7.0, 7.8, 172, 15.321,   0.230,   315
22,10,27,12,19,06,0.75,1.09,0.89,1.33, 8.5, 6.6, 6.4, 6.8, 160, 15.595,   0.076,    73
22,10,27,14,19,06,0.50,-0.00,-0.00,-0.00, 8.5,-0.1,-0.1,-0.1, 192, 14.347,   0.294,   121
22,10,27,16,19,06,0.42,-0.00,-0.00,-0.00, 8.5,-0.1,-0.1,-0.1, 164, 12.515,   0.197,   156
22,10,27,18,19,06,0.54,-0.00,-0.00,-0.00, 7.5,-0.1,-0.1,-0.1, 168, 12.167,   0.101,   228
22,10,27,20,19,06,0.82,0.94,0.85,1.06, 7.5, 5.6, 5.2, 5.9, 164, 13.083,   0.344,   299
22,10,27,22,19,06,0.64,0.69,0.62,-0.00, 7.5, 4.3, 3.4,-0.1, 168, 14.594,   0.268,   293
22,10,28,00,19,06,0.65,0.80,0.67,0.94, 8.5, 4.4, 4.4, 4.4, 186, 15.233,   0.049,   236
22,10,28,02,19,06,0.57,-0.00,-0.00,-0.00, 2.7,-0.1,-0.1,-0.1, 119, 14.501,   0.229,   117
22,10,28,04,19,06,0.20,-0.00,-0.00,-0.00, 8.5,-0.1,-0.1,-0.1, 168, 12.955,   0.193,   141
22,10,28,06,19,06,0.19,-0.00,-0.00,-0.00, 7.5,-0.1,-0.1,-0.1,  12, 12.567,   0.201,   213
22,10,28,08,19,06,0.27,-0.00,-0.00,-0.00, 2.7,-0.1,-0.1,-0.1,   4, 13.470,   0.317,   306
22,10,28,10,19,06,0.37,-0.00,-0.00,-0.00, 2.8,-0.1,-0.1,-0.1, 336, 15.020,   0.219,   292
22,10,28,12,19,06,0.24,-0.00,-0.00,-0.00, 6.1,-0.1,-0.1,-0.1, 192, 15.793,   0.064,   281
22,10,28,14,19,06,0.19,-0.00,-0.00,-0.00, 7.5,-0.1,-0.1,-0.1, 187, 15.151,   0.225,   126
22,10,28,16,19,06,0.14,-0.00,-0.00,-0.00, 6.7,-0.1,-0.1,-0.1, 172, 13.232,   0.267,   150
22,10,28,18,19,06,0.16,-0.00,-0.00,-0.00, 7.5,-0.1,-0.1,-0.1, 164, 12.256,   0.173,   210
22,10,28,20,19,06,0.17,-0.00,-0.00,-0.00, 6.7,-0.1,-0.1,-0.1, 160, 12.722,   0.250,   284
22,10,28,22,19,06,0.14,-0.00,-0.00,-0.00, 7.5,-0.1,-0.1,-0.1, 156, 14.186,   0.274,   306
22,10,29,00,19,06,0.16,-0.00,-0.00,-0.00, 7.5,-0.1,-0.1,-0.1, 164, 15.209,   0.109,   283
22,10,29,02,19,06,0.18,-0.00,-0.00,-0.00, 6.7,-0.1,-0.1,-0.1, 164, 15.056,   0.173,   117
22,10,29,04,19,06,0.16,-0.00,-0.00,-0.00, 7.5,-0.1,-0.1,-0.1, 148, 13.759,   0.240,   127
22,10,29,06,19,06,0.23,0.34,0.28,-0.00, 7.5, 4.8, 4.1,-0.1, 164, 12.647,   0.083,   183
22,10,29,08,19,06,0.22,-0.00,-0.00,-0.00, 5.6,-0.1,-0.1,-0.1, 160, 12.980,   0.210,   301
22,10,29,10,19,06,0.23,-0.00,-0.00,-0.00, 8.5,-0.1,-0.1,-0.1, 182, 14.423,   0.304,   304
22,10,29,12,19,06,0.20,-0.00,-0.00,-0.00, 6.7,-0.1,-0.1,-0.1,  36, 15.535,   0.167,   294
22,10,29,14,19,06,0.31,0.46,0.37,0.68, 9.8, 6.9, 6.4, 7.0, 172, 15.505,   0.117,   125
22,10,29,16,19,06,0.38,0.63,0.55,-0.00, 7.5, 6.4, 5.9,-0.1, 187, 14.098,   0.241,   117
22,10,29,18,19,06,0.22,-0.00,-0.00,-0.00, 7.5,-0.1,-0.1,-0.1, 168, 12.498,   0.194,   158
22,10,29,20,19,06,0.28,-0.00,-0.00,-0.00, 5.6,-0.1,-0.1,-0.1, 160, 12.366,   0.132,   265
22,10,29,22,19,06,0.33,-0.00,-0.00,-0.00, 6.7,-0.1,-0.1,-0.1, 164, 13.325,   0.307,   303
22,10,30,00,19,06,0.26,-0.00,-0.00,-0.00, 8.5,-0.1,-0.1,-0.1, 140, 14.719,   0.206,   303
22,10,30,02,19,06,0.39,0.54,0.43,0.68, 6.7, 6.9, 6.3, 7.4, 160, 15.094,   0.049,    97
22,10,30,04,19,06,0.28,-0.00,-0.00,-0.00, 8.5,-0.1,-0.1,-0.1, 176, 14.246,   0.213,   118
22,10,30,06,19,06,0.36,0.58,0.46,0.71, 7.5, 6.6, 6.7, 6.4, 176, 12.831,   0.115,   142
22,10,30,08,19,06,0.42,0.57,0.46,0.76, 6.7, 7.1, 6.8, 7.4, 176, 12.604,   0.105,   257
22,10,30,10,19,06,0.39,-0.00,-0.00,-0.00, 6.7,-0.1,-0.1,-0.1, 172, 13.553,   0.306,   305
22,10,30,12,19,06,0.30,-0.00,-0.00,-0.00, 7.5,-0.1,-0.1,-0.1, 181, 14.933,   0.273,   302
22,10,30,14,19,06,0.46,0.60,0.49,0.82, 6.7, 7.3, 6.8, 7.6, 168, 15.518,   0.021,   155
22,10,30,16,19,06,0.29,-0.00,-0.00,-0.00, 8.5,-0.1,-0.1,-0.1, 156, 14.785,   0.229,   117
22,10,30,18,19,06,0.25,-0.00,-0.00,-0.00, 7.5,-0.1,-0.1,-0.1, 186, 13.076,   0.212,   138
22,10,30,20,19,06,0.25,-0.00,-0.00,-0.00, 8.5,-0.1,-0.1,-0.1, 172, 12.317,   0.080,   198
22,10,30,22,19,06,0.47,0.67,0.55,0.81, 7.5, 6.4, 6.5, 6.9, 156, 12.807,   0.202,   298
22,10,31,00,19,06,0.31,-0.00,-0.00,-0.00, 6.7,-0.1,-0.1,-0.1, 176, 14.177,   0.345,   307
22,10,31,02,19,06,0.36,0.50,0.40,0.68, 7.5, 7.3, 6.5, 8.3, 172, 15.061,   0.112,   303
22,10,31,04,19,06,0.28,-0.00,-0.00,-0.00, 9.8,-0.1,-0.1,-0.1, 164, 14.858,   0.121,   109
22,10,31,06,19,06,0.26,-0.00,-0.00,-0.00, 7.5,-0.1,-0.1,-0.1, 164, 13.694,   0.220,   113
22,10,31,08,19,06,0.27,-0.00,-0.00,-0.00, 8.5,-0.1,-0.1,-0.1, 168, 12.795,   0.076,   186
22,10,31,10,19,06,0.36,-0.00,-0.00,-0.00, 7.5,-0.1,-0.1,-0.1, 152, 13.090,   0.189,   290
22,10,31,12,19,06,0.33,-0.00,-0.00,-0.00, 7.5,-0.1,-0.1,-0.1, 181, 14.412,   0.316,   295
22,10,31,14,19,06,0.41,0.54,0.44,0.75, 7.5, 6.3, 5.6, 6.4, 181, 15.346,   0.123,   291
22,10,31,16,19,06,0.49,0.62,0.50,0.91, 8.5, 6.4, 5.7, 7.6, 182, 15.303,   0.154,   120
22,10,31,18,19,06,0.43,0.65,0.57,0.72, 9.8, 6.0, 5.3, 5.4, 172, 14.046,   0.241,   131
22,10,31,20,19,06,0.38,0.50,0.41,0.78, 8.5, 6.2, 5.4, 8.0, 168, 12.633,   0.115,   171
22,10,31,22,19,06,0.36,-0.00,-0.00,-0.00, 7.5,-0.1,-0.1,-0.1, 172, 12.545,   0.144,   244
22,11,01,00,19,06,0.34,-0.00,-0.00,-0.00, 8.5,-0.1,-0.1,-0.1, 164, 13.426,   0.284,   300
22,11,01,02,19,06,0.36,-0.00,-0.00,-0.00, 7.5,-0.1,-0.1,-0.1, 182, 14.709,   0.217,   307
22,11,01,04,19,06,0.55,0.71,0.58,0.90, 7.5, 5.2, 4.8, 7.0, 164, 15.090,   0.048,   111
22,11,01,06,19,06,0.45,-0.00,-0.00,-0.00, 3.1,-0.1,-0.1,-0.1, 191, 14.423,   0.217,   116
22,11,01,08,19,06,0.35,-0.00,-0.00,-0.00, 8.5,-0.1,-0.1,-0.1, 171, 13.180,   0.096,   123
22,11,01,10,19,06,0.53,0.77,0.65,-0.00, 8.5, 5.2, 4.7,-0.1, 171, 12.851,   0.092,   263
22,11,01,12,19,06,0.53,-0.00,-0.00,-0.00, 8.5,-0.1,-0.1,-0.1, 167, 13.717,   0.242,   289
22,11,01,14,19,06,0.46,-0.00,-0.00,-0.00, 4.1,-0.1,-0.1,-0.1, 176, 14.845,   0.200,   297
22,11,01,16,19,06,0.56,0.73,0.59,0.98, 9.8, 6.7, 6.0, 5.5, 176, 15.384,   0.066,   303
22,11,01,18,19,06,0.36,-0.00,-0.00,-0.00, 8.5,-0.1,-0.1,-0.1, 176, 14.864,   0.154,   119
22,11,01,20,19,06,0.28,-0.00,-0.00,-0.00, 8.5,-0.1,-0.1,-0.1, 171, 13.331,   0.199,   136
22,11,01,22,19,06,0.30,-0.00,-0.00,-0.00, 8.5,-0.1,-0.1,-0.1, 171, 12.508,   0.161,   176
22,11,02,00,19,06,0.47,0.72,0.61,0.87, 8.5, 6.9, 6.2, 8.1, 175, 12.853,   0.234,   289
22,11,02,02,19,06,0.42,-0.00,-0.00,-0.00, 9.8,-0.1,-0.1,-0.1, 151, 14.123,   0.298,   296
22,11,02,04,19,06,0.39,-0.00,-0.00,-0.00, 9.8,-0.1,-0.1,-0.1, 147, 15.012,   0.177,   298
22,11,02,06,19,06,0.40,-0.00,-0.00,-0.00, 9.8,-0.1,-0.1,-0.1, 167, 14.905,   0.080,    82
22,11,02,08,19,06,0.26,-0.00,-0.00,-0.00, 9.8,-0.1,-0.1,-0.1, 159, 13.827,   0.181,   147
22,11,02,10,19,06,0.25,-0.00,-0.00,-0.00, 9.8,-0.1,-0.1,-0.1, 167, 12.760,   0.130,   202
22,11,02,12,19,06,0.50,0.70,0.60,0.87, 9.8, 4.8, 4.4, 6.3, 152, 12.918,   0.246,   261
22,11,02,14,19,06,0.58,0.75,0.66,0.97, 2.7, 3.7, 3.7, 5.8, 128, 14.061,   0.308,   288
22,11,02,16,19,06,0.40,-0.00,-0.00,-0.00, 9.8,-0.1,-0.1,-0.1, 143, 15.042,   0.208,   292
22,11,02,18,19,06,0.24,-0.00,-0.00,-0.00, 9.8,-0.1,-0.1,-0.1, 186, 15.237,   0.070,   109
22,11,02,20,19,06,0.19,-0.00,-0.00,-0.00, 9.8,-0.1,-0.1,-0.1, 159, 14.197,   0.223,   133
22,11,02,22,19,06,0.26,0.37,0.30,0.55, 9.8, 6.6, 5.1, 7.0, 163, 12.773,   0.189,   174
22,11,03,00,19,06,0.21,-0.00,-0.00,-0.00, 9.8,-0.1,-0.1,-0.1, 171, 12.540,   0.137,   251
22,11,03,02,19,06,0.19,-0.00,-0.00,-0.00, 8.5,-0.1,-0.1,-0.1, 181, 13.293,   0.291,   289
22,11,03,04,19,06,0.18,-0.00,-0.00,-0.00, 8.5,-0.1,-0.1,-0.1, 159, 14.678,   0.199,   297
22,11,03,06,19,06,0.21,-0.00,-0.00,-0.00, 9.8,-0.1,-0.1,-0.1, 172, 15.249,   0.031,   159
22,11,03,08,19,06,0.20,-0.00,-0.00,-0.00, 9.8,-0.1,-0.1,-0.1, 175, 14.745,   0.180,   120
22,11,03,10,19,06,0.16,-0.00,-0.00,-0.00, 9.8,-0.1,-0.1,-0.1, 181, 13.437,   0.166,   138
22,11,03,12,19,06,0.24,0.61,0.46,-0.00, 9.8, 9.8, 9.0,-0.1, 181, 12.825,   0.088,   228
22,11,03,14,19,06,0.24,-0.00,-0.00,-0.00, 9.8,-0.1,-0.1,-0.1, 176, 13.455,   0.247,   294
22,11,03,16,19,06,0.26,-0.00,-0.00,-0.00, 9.8,-0.1,-0.1,-0.1, 180, 14.686,   0.252,   297
22,11,03,18,19,06,0.22,-0.00,-0.00,-0.00, 9.8,-0.1,-0.1,-0.1, 175, 15.428,   0.111,   320
22,11,03,20,19,06,0.37,-0.00,-0.00,-0.00, 3.0,-0.1,-0.1,-0.1,  64, 15.047,   0.186,   108
22,11,03,22,19,06,0.30,-0.00,-0.00,-0.00, 9.8,-0.1,-0.1,-0.1, 151, 13.641,   0.265,   127
22,11,04,00,19,06,0.52,0.64,0.53,0.82, 4.1, 3.7, 3.8, 4.1, 211, 12.552,   0.082,   180
22,11,04,02,19,06,0.77,0.93,0.77,1.26, 4.4, 3.9, 4.0, 4.1, 199, 12.869,   0.147,   266
22,11,04,04,19,06,0.63,0.86,0.74,1.05, 4.7, 4.3, 4.0, 5.4, 210, 14.188,   0.225,   298
22,11,04,06,19,06,0.78,0.93,0.76,1.27, 5.1, 4.5, 4.5, 6.3, 221, 15.217,   0.145,   313
22,11,04,08,19,06,0.75,0.92,0.77,1.16, 5.1, 4.4, 4.5, 3.8, 208, 15.226,   0.103,    99
22,11,04,10,19,06,0.55,0.75,0.61,0.92, 4.7, 4.3, 4.2, 3.4, 211, 14.032,   0.234,   118
22,11,04,12,19,06,0.53,0.68,0.56,0.89, 5.1, 4.7, 4.6, 4.5, 195, 12.737,   0.112,   147
22,11,04,14,19,06,0.59,0.76,0.63,1.02, 6.1, 4.4, 4.5, 5.4, 195, 12.728,   0.164,   266
22,11,04,16,19,06,0.63,1.21,1.02,1.42, 3.9, 4.0, 3.6, 3.4, 175, 13.890,   0.229,   294
22,11,04,18,19,06,0.61,1.49,1.29,1.72, 6.1, 4.2, 3.4, 4.8, 208, 15.077,   0.213,   297
22,11,04,20,19,06,0.78,0.94,0.79,1.30, 5.1, 4.3, 4.4, 4.5, 219, 15.315,   0.092,   112
22,11,04,22,19,06,0.76,0.92,0.81,1.06, 4.4, 4.0, 3.8, 3.5, 211, 14.293,   0.273,   118
22,11,05,00,19,06,0.56,0.72,0.59,0.94, 4.7, 4.0, 4.1, 3.6, 195, 12.735,   0.177,   136
22,11,05,02,19,06,0.49,-0.00,-0.00,-0.00, 4.7,-0.1,-0.1,-0.1, 171, 12.482,   0.112,   265
22,11,05,04,19,06,0.59,-0.00,-0.00,-0.00, 5.6,-0.1,-0.1,-0.1, 195, 13.461,   0.258,   293
22,11,05,06,19,06,0.50,-0.00,-0.00,-0.00, 6.1,-0.1,-0.1,-0.1, 219, 14.875,   0.247,   301
22,11,05,08,19,06,0.76,0.96,0.78,1.27, 5.6, 4.8, 4.7, 4.8, 207, 15.434,   0.019,   191
22,11,05,10,19,06,0.55,-0.00,-0.00,-0.00, 5.6,-0.1,-0.1,-0.1, 219, 14.704,   0.208,   116
22,11,05,12,19,06,0.59,0.83,0.70,1.02, 5.6, 4.2, 4.1, 4.1, 199, 13.022,   0.229,   137
22,11,05,14,19,06,0.49,-0.00,-0.00,-0.00, 4.4,-0.1,-0.1,-0.1, 196, 12.453,   0.076,   246
22,11,05,16,19,06,0.73,0.94,0.81,1.15, 4.7, 4.1, 3.9, 5.4, 196, 13.086,   0.205,   290
22,11,05,18,19,06,0.61,-0.00,-0.00,-0.00, 3.3,-0.1,-0.1,-0.1, 181, 14.589,   0.252,   302
22,11,05,20,19,06,0.85,1.08,0.88,1.49, 5.6, 4.7, 4.7, 4.9, 199, 15.366,   0.041,   331
22,11,05,22,19,06,0.72,-0.00,-0.00,-0.00, 5.6,-0.1,-0.1,-0.1, 215, 14.861,   0.209,   109
22,11,06,00,19,06,0.68,0.89,0.78,1.33, 5.6, 4.3, 4.2, 4.9, 211, 13.154,   0.248,   138
22,11,06,02,19,06,0.44,-0.00,-0.00,-0.00, 5.6,-0.1,-0.1,-0.1, 207, 12.350,   0.061,   223
22,11,06,04,19,06,0.66,0.87,0.72,1.18, 5.6, 4.7, 4.6, 3.9, 155, 12.889,   0.215,   272
22,11,06,06,19,06,0.57,-0.00,-0.00,-0.00, 5.1,-0.1,-0.1,-0.1, 172, 14.420,   0.277,   301
22,11,06,08,19,06,0.65,0.81,0.66,1.11, 5.6, 4.9, 4.7, 5.4, 180, 15.465,   0.084,   302
22,11,06,10,19,06,0.70,0.86,0.70,1.28, 5.1, 4.4, 4.5, 3.8, 171, 15.246,   0.208,   120
22,11,06,12,19,06,0.48,-0.00,-0.00,-0.00, 3.9,-0.1,-0.1,-0.1, 195, 13.758,   0.293,   137
22,11,06,14,19,06,0.64,1.09,0.84,-0.00,25.6,10.0, 5.8,-0.1, 347, 12.436,   0.193,   191
22,11,06,16,19,06,0.69,0.83,0.69,1.01, 4.4, 4.8, 4.6, 4.5, 181, 12.702,   0.219,   258
22,11,06,18,19,06,0.69,0.92,0.78,1.14, 4.1, 4.0, 3.9, 4.1, 170, 14.071,   0.325,   298
22,11,06,20,19,06,0.77,0.96,0.78,1.24, 5.6, 4.1, 4.3, 3.6, 208, 15.240,   0.121,   298
22,11,06,22,19,06,1.01,1.18,0.96,1.67, 4.4, 4.5, 4.6, 3.9, 186, 15.332,   0.127,   113
22,11,07,00,19,06,0.73,0.97,0.82,1.20, 4.4, 4.2, 4.1, 5.1, 211, 14.038,   0.268,   130
22,11,07,02,19,06,0.80,0.98,0.81,1.32, 4.4, 4.5, 4.5, 4.3, 175, 12.607,   0.149,   160
22,11,07,04,19,06,0.92,1.11,0.92,1.45, 5.1, 4.6, 4.7, 4.3, 200, 12.637,   0.172,   268
22,11,07,06,19,06,0.94,1.42,1.17,1.73, 4.7, 4.2, 3.9, 4.1, 170, 13.906,   0.261,   301
22,11,07,08,19,06,1.03,1.27,1.03,1.68, 6.1, 5.1, 5.0, 4.6, 203, 15.209,   0.182,   286
22,11,07,10,19,06,1.13,1.39,1.14,1.85, 5.6, 5.0, 5.0, 5.1, 199, 15.474,   0.096,   108
22,11,07,12,19,06,0.89,1.05,0.93,-0.00, 5.1, 4.7, 4.2,-0.1, 203, 14.273,   0.256,   119
22,11,07,14,19,06,0.80,-0.00,-0.00,-0.00, 6.7,-0.1,-0.1,-0.1, 195, 12.556,   0.196,   149
22,11,07,16,19,06,0.87,1.78,1.38,-0.00,25.6,15.1,10.5,-0.1,  87, 12.260,   0.084,   272
22,11,07,18,19,06,0.97,1.13,1.01,-0.00, 6.7, 4.7, 4.4,-0.1, 167, 13.126,   0.238,   303
22,11,07,20,19,06,0.80,0.79,0.72,-0.00, 6.7, 3.4, 3.1,-0.1, 170, 14.658,   0.268,   313
22,11,07,22,19,06,1.03,1.30,1.05,1.70, 6.7, 6.2, 6.1, 6.3, 208, 15.214,   0.043,   120
22,11,08,00,19,06,0.64,-0.00,-0.00,-0.00, 6.1,-0.1,-0.1,-0.1, 199, 14.340,   0.227,   109
22,11,08,02,19,06,0.76,0.92,0.77,1.24, 3.0, 3.6, 3.8, 3.9, 331, 12.703,   0.179,   151
22,11,08,04,19,06,0.74,1.10,0.86,-0.00,25.6,14.4, 9.2,-0.1, 303, 12.287,   0.143,   191
22,11,08,06,19,06,0.81,1.02,0.90,1.45, 3.1, 4.0, 3.9, 4.4, 323, 13.130,   0.220,   280
22,11,08,08,19,06,0.71,-0.00,-0.00,-0.00, 3.5,-0.1,-0.1,-0.1, 330, 14.771,   0.269,   309
22,11,08,10,19,06,0.89,1.01,0.85,-0.00, 3.3, 4.7, 4.5,-0.1, 322, 15.486,   0.046,   165
22,11,08,12,19,06,0.77,-0.00,-0.00,-0.00, 3.1,-0.1,-0.1,-0.1, 303, 14.752,   0.234,   112
22,11,08,14,19,06,0.73,0.93,0.79,1.10, 3.0, 3.5, 3.4, 3.6, 315, 12.942,   0.204,   155
22,11,08,16,19,06,0.74,1.82,1.32,-0.00,25.6,21.6,15.0,-0.1, 119, 12.150,   0.067,   205
22,11,08,18,19,06,0.69,0.83,0.68,1.14, 3.0, 3.9, 3.8, 4.3, 359, 12.699,   0.211,   294
22,11,08,20,19,06,0.73,0.95,0.81,1.19, 3.5, 3.9, 3.8, 4.0, 343, 14.151,   0.271,   304
22,11,08,22,19,06,0.78,0.97,0.80,1.24, 3.3, 3.9, 4.0, 4.4, 343, 15.092,   0.091,   319
22,11,09,00,19,06,0.73,-0.00,-0.00,-0.00, 3.1,-0.1,-0.1,-0.1, 344, 14.796,   0.155,    97
22,11,09,02,19,06,0.63,0.85,0.75,-0.00, 2.7, 4.3, 3.8,-0.1, 355, 13.388,   0.266,   143
22,11,09,04,19,06,0.19,-0.00,-0.00,-0.00, 8.5,-0.1,-0.1,-0.1, 215, 12.533,   0.092,   149
22,11,09,06,19,06,0.45,0.61,0.48,0.86, 2.5, 3.0, 3.0, 3.6, 351, 13.007,   0.175,   299
22,11,09,08,19,06,0.35,-0.00,-0.00,-0.00, 2.7,-0.1,-0.1,-0.1, 107, 14.512,   0.297,   287
22,11,09,10,19,06,0.43,0.53,0.44,0.68, 2.6, 3.8, 3.6, 3.8, 115, 15.554,   0.163,   295
22,11,09,12,19,06,0.18,-0.00,-0.00,-0.00, 9.8,-0.1,-0.1,-0.1, 171, 15.433,   0.143,   113
22,11,09,14,19,06,0.14,-0.00,-0.00,-0.00, 6.1,-0.1,-0.1,-0.1, 171, 14.008,   0.198,   144
22,11,09,16,19,06,0.14,-0.00,-0.00,-0.00, 5.6,-0.1,-0.1,-0.1, 151, 12.675,   0.224,   192
22,11,09,18,19,06,0.17,-0.00,-0.00,-0.00, 9.8,-0.1,-0.1,-0.1, 155, 12.812,   0.245,   276
22,11,09,20,19,06,0.18,-0.00,-0.00,-0.00, 9.8,-0.1,-0.1,-0.1, 203, 14.066,   0.328,   289
22,11,09,22,19,06,0.14,-0.00,-0.00,-0.00, 9.8,-0.1,-0.1,-0.1, 151, 15.178,   0.181,   274
22,11,10,00,19,06,0.19,-0.00,-0.00,-0.00, 9.8,-0.1,-0.1,-0.1, 167, 15.285,   0.058,   135
22,11,10,02,19,06,0.40,0.63,0.55,0.73,11.6, 4.2, 3.7, 2.6, 143, 14.203,   0.242,   120
22,11,10,04,19,06,0.53,0.66,0.54,0.92, 2.6, 3.4, 3.3, 2.8, 215, 12.882,   0.097,   149
22,11,10,06,19,06,0.78,1.02,0.84,1.38, 4.4, 3.9, 3.9, 3.3, 196, 12.908,   0.073,   291
22,11,10,08,19,06,0.94,1.17,1.00,1.71, 5.6, 4.4, 4.3, 5.8, 207, 14.081,   0.241,   313
22,11,10,10,19,06,1.31,1.55,1.29,1.95, 4.1, 4.9, 5.1, 5.0, 181, 15.276,   0.214,   307
22,11,10,12,19,06,1.32,1.55,1.28,2.03, 6.7, 5.6, 5.5, 5.1, 223, 15.439,   0.099,    98
22,11,10,14,19,06,0.91,1.10,0.97,1.18, 7.5, 4.9, 4.5, 5.8, 208, 14.248,   0.266,   116
22,11,10,16,19,06,0.79,1.02,0.83,1.36, 8.5, 6.1, 6.1, 5.5, 199, 12.631,   0.168,   144
22,11,10,18,19,06,0.76,-0.00,-0.00,-0.00, 8.5,-0.1,-0.1,-0.1, 151, 12.273,   0.138,   253
22,11,10,20,19,06,0.87,1.05,0.93,-0.00, 8.5, 5.0, 4.8,-0.1, 207, 13.072,   0.196,   278
22,11,10,22,19,06,0.77,-0.00,-0.00,-0.00, 8.5,-0.1,-0.1,-0.1, 175, 14.485,   0.247,   307
22,11,11,00,19,06,0.98,-0.00,-0.00,-0.00, 6.7,-0.1,-0.1,-0.1, 204, 15.007,   0.058,     2
22,11,11,02,19,06,0.77,-0.00,-0.00,-0.00, 7.5,-0.1,-0.1,-0.1, 214, 14.364,   0.232,   108
22,11,11,04,19,06,0.73,0.98,0.85,1.11, 8.5, 5.4, 5.2, 6.5, 195, 13.016,   0.199,   133
22,11,11,06,19,06,0.83,1.01,0.85,1.38, 8.5, 6.0, 6.0, 6.1, 163, 12.740,   0.080,   247
22,11,11,08,19,06,0.75,-0.00,-0.00,-0.00, 7.5,-0.1,-0.1,-0.1, 191, 13.618,   0.279,   284
22,11,11,10,19,06,0.74,-0.00,-0.00,-0.00, 7.5,-0.1,-0.1,-0.1, 191, 14.899,   0.227,   297
22,11,11,12,19,06,0.82,1.11,0.89,1.39, 5.6, 6.1, 5.9, 6.5, 212, 15.503,   0.042,   273
22,11,11,14,19,06,0.55,-0.00,-0.00,-0.00, 6.7,-0.1,-0.1,-0.1, 208, 14.898,   0.194,   141
22,11,11,16,19,06,0.43,-0.00,-0.00,-0.00, 6.7,-0.1,-0.1,-0.1, 208, 13.439,   0.205,   148
22,11,11,18,19,06,0.55,0.70,0.57,0.90, 6.7, 5.4, 5.3, 4.8, 195, 12.585,   0.143,   200
22,11,11,20,19,06,0.64,0.87,0.77,1.00, 5.1, 4.6, 4.5, 6.6, 163, 13.051,   0.225,   291
22,11,11,22,19,06,0.62,-0.00,-0.00,-0.00, 6.1,-0.1,-0.1,-0.1, 167, 14.328,   0.293,   296
22,11,12,00,19,06,0.73,0.89,0.73,1.19, 5.1, 4.8, 4.7, 4.5, 200, 15.118,   0.115,   294
22,11,12,02,19,06,0.84,1.03,0.83,-0.00,25.6, 9.1, 6.3,-0.1, 162, 14.901,   0.134,   106
22,11,12,04,19,06,0.81,-0.00,-0.00,-0.00, 4.1,-0.1,-0.1,-0.1, 186, 13.804,   0.172,   120
22,11,12,06,19,06,0.92,1.16,1.01,1.66, 5.1, 4.3, 4.0, 5.8, 171, 12.978,   0.031,   192
22,11,12,08,19,06,1.56,-0.00,-0.00,-0.00, 5.6,-0.1,-0.1,-0.1, 196, 13.514,   0.178,   297
22,11,12,10,19,06,1.73,-0.00,-0.00,-0.00, 5.1,-0.1,-0.1,-0.1, 159, 14.572,   0.192,   289
22,11,12,12,19,06,1.67,1.94,1.64,2.56, 7.5, 6.0, 6.0, 6.3, 180, 15.330,   0.080,   265
22,11,12,14,19,06,2.17,2.56,2.17,3.17, 7.5, 7.1, 7.0, 7.1, 170, 15.162,   0.169,   125
22,11,12,16,19,06,1.39,-0.00,-0.00,-0.00, 8.5,-0.1,-0.1,-0.1, 188, 13.786,   0.210,   116
22,11,12,18,19,06,1.19,-0.00,-0.00,-0.00, 9.8,-0.1,-0.1,-0.1, 167, 12.581,   0.060,   142
22,11,12,20,19,06,1.23,-0.00,-0.00,-0.00, 9.8,-0.1,-0.1,-0.1, 164, 12.565,   0.068,   273
22,11,12,22,19,06,1.27,-0.00,-0.00,-0.00, 8.5,-0.1,-0.1,-0.1, 158, 13.515,   0.188,   262
22,11,13,00,19,06,1.01,1.06,1.00,1.16,11.6, 6.9, 5.5, 9.5, 155, 14.598,   0.181,   299
22,11,13,02,19,06,0.93,1.06,1.00,-0.00,11.6, 8.9, 7.0,-0.1, 143, 14.785,   0.032,   135
22,11,13,04,19,06,1.05,1.28,1.08,1.69,11.6, 8.0, 7.6, 9.1, 147, 13.979,   0.152,   162
22,11,13,06,19,06,0.72,-0.00,-0.00,-0.00, 9.8,-0.1,-0.1,-0.1, 186, 13.011,   0.111,   206
22,11,13,08,19,06,0.98,1.16,1.04,1.25,11.6, 7.3, 6.3, 8.1, 170, 13.042,   0.174,   276
22,11,13,10,19,06,1.08,1.22,1.05,1.55, 9.8, 6.5, 5.9, 8.6, 150, 14.110,   0.306,   290
22,11,13,12,19,06,1.26,2.10,1.60,2.67, 9.8, 8.9, 8.1,10.5, 175, 15.092,   0.213,   295
22,11,13,14,19,06,1.02,1.26,1.04,1.65, 9.8, 8.8, 8.2, 8.0, 151, 15.317,   0.049,   203
22,11,13,16,19,06,0.82,-0.00,-0.00,-0.00, 8.5,-0.1,-0.1,-0.1, 191, 14.493,   0.150,   122
22,11,13,18,19,06,0.89,1.13,1.00,1.51, 9.8, 5.3, 4.7,14.6, 162, 13.221,   0.122,   150
22,11,13,20,19,06,0.98,1.14,0.99,-0.00, 9.8, 5.8, 5.3,-0.1, 146, 12.873,   0.092,   251
22,11,13,22,19,06,0.82,-0.00,-0.00,-0.00, 9.8,-0.1,-0.1,-0.1, 162, 13.576,   0.258,   277
22,11,14,00,19,06,0.84,1.17,1.00,1.65, 8.5, 6.6, 4.9, 6.4, 157, 14.599,   0.213,   279
22,11,14,02,19,06,1.17,-0.00,-0.00,-0.00, 5.1,-0.1,-0.1,-0.1, 203, 15.024,   0.018,   126
22,11,14,04,19,06,1.19,-0.00,-0.00,-0.00, 6.1,-0.1,-0.1,-0.1, 211, 14.431,   0.195,    99
22,11,14,06,19,06,0.97,-0.00,-0.00,-0.00, 7.5,-0.1,-0.1,-0.1, 206, 13.342,   0.108,   117
22,11,14,08,19,06,0.93,1.13,0.97,-0.00, 8.5, 5.5, 4.7,-0.1, 169, 12.926,   0.030,    31
22,11,14,10,19,06,0.89,-0.00,-0.00,-0.00, 8.5,-0.1,-0.1,-0.1, 138, 13.552,   0.174,   316
22,11,14,12,19,06,0.83,1.11,0.98,-0.00, 8.5, 7.2, 5.3,-0.1, 203, 14.418,   0.223,   317
22,11,14,14,19,06,0.98,-0.00,-0.00,-0.00, 8.5,-0.1,-0.1,-0.1, 207, 14.995,   0.098,    18
22,11,14,16,19,06,0.71,-0.00,-0.00,-0.00, 8.5,-0.1,-0.1,-0.1, 207, 14.532,   0.195,   112
22,11,14,18,19,06,0.67,1.04,0.90,-0.00, 8.5, 7.1, 5.5,-0.1, 190, 13.458,   0.217,   123
22,11,14,20,19,06,0.66,0.80,0.67,1.00, 8.5, 5.4, 4.8, 5.9, 199, 12.682,   0.078,   196
22,11,14,22,19,06,0.63,0.89,0.75,-0.00, 7.5, 5.4, 4.6,-0.1, 180, 12.957,   0.145,   232
22,11,15,00,19,06,0.55,0.82,0.68,1.02, 8.5, 5.1, 4.6, 6.1, 195, 13.950,   0.228,   292
22,11,15,02,19,06,0.44,-0.00,-0.00,-0.00, 7.5,-0.1,-0.1,-0.1, 207, 14.688,   0.118,   280
22,11,15,04,19,06,0.37,-0.00,-0.00,-0.00, 8.5,-0.1,-0.1,-0.1, 155, 14.665,   0.115,   159
22,11,15,06,19,06,0.52,1.15,1.02,-0.00, 6.7, 4.3, 3.4,-0.1, 219, 13.864,   0.258,   153
22,11,15,08,19,06,0.25,-0.00,-0.00,-0.00, 6.7,-0.1,-0.1,-0.1, 194, 13.323,   0.103,   185
22,11,15,10,19,06,0.44,0.73,0.63,0.81, 7.5, 6.8, 5.2, 5.1, 142, 13.528,   0.163,   275
22,11,15,12,19,06,0.27,-0.00,-0.00,-0.00, 7.5,-0.1,-0.1,-0.1, 175, 14.328,   0.284,   279
22,11,15,14,19,06,0.32,-0.00,-0.00,-0.00, 5.6,-0.1,-0.1,-0.1, 211, 15.040,   0.225,   296
22,11,15,16,19,06,0.38,-0.00,-0.00,-0.00, 5.6,-0.1,-0.1,-0.1, 211, 15.039,   0.030,   231
22,11,15,18,19,06,0.37,0.58,0.51,0.74, 8.5, 5.3, 5.0, 5.0, 167, 14.137,   0.214,   140
22,11,15,20,19,06,0.32,0.56,0.49,0.63, 7.5, 5.4, 5.0, 4.9, 167, 13.081,   0.143,   180
22,11,15,22,19,06,0.32,0.52,0.41,0.64, 7.5, 6.0, 5.5, 5.3, 170, 12.924,   0.145,   255
22,11,16,00,19,06,0.24,-0.00,-0.00,-0.00, 8.5,-0.1,-0.1,-0.1, 158, 13.750,   0.212,   300
22,11,16,02,19,06,0.19,-0.00,-0.00,-0.00, 8.5,-0.1,-0.1,-0.1, 154, 14.651,   0.238,   293
22,11,16,04,19,06,0.22,-0.00,-0.00,-0.00, 8.5,-0.1,-0.1,-0.1, 162, 14.939,   0.032,   272
22,11,16,06,19,06,0.48,0.81,0.72,-0.00, 2.7, 5.4, 4.3,-0.1,  85, 14.473,   0.153,   123
22,11,16,08,19,06,0.42,-0.00,-0.00,-0.00, 2.8,-0.1,-0.1,-0.1, 106, 13.735,   0.131,   154
22,11,16,10,19,06,0.35,-0.00,-0.00,-0.00, 8.5,-0.1,-0.1,-0.1, 174, 13.568,   0.091,   273
22,11,16,12,19,06,0.94,1.17,1.00,1.63, 3.9, 3.8, 3.7, 4.4, 158, 14.057,   0.267,   293
22,11,16,14,19,06,1.00,-0.00,-0.00,-0.00, 4.4,-0.1,-0.1,-0.1, 168, 14.868,   0.200,   279
22,11,16,16,19,06,1.16,1.38,1.14,1.86, 5.6, 4.8, 4.8, 5.3, 162, 15.171,   0.107,   235
22,11,16,18,19,06,1.10,-0.00,-0.00,-0.00, 6.7,-0.1,-0.1,-0.1, 161, 14.707,   0.136,   131
22,11,16,20,19,06,1.43,-0.00,-0.00,-0.00, 8.5,-0.1,-0.1,-0.1, 186, 13.683,   0.190,   141
22,11,16,22,19,06,1.33,1.57,1.27,1.93, 7.5, 6.6, 6.3, 4.0, 172, 12.943,   0.021,   126
22,11,17,00,19,06,1.48,1.71,1.44,2.22, 9.8, 6.9, 7.1, 4.0, 163, 13.237,   0.141,   288
22,11,17,02,19,06,1.39,1.72,1.44,2.11, 7.5, 7.5, 7.1, 8.0, 155, 14.070,   0.142,   297
22,11,17,04,19,06,1.21,-0.00,-0.00,-0.00, 9.8,-0.1,-0.1,-0.1, 159, 14.731,   0.061,   318
22,11,17,06,19,06,0.92,-0.00,-0.00,-0.00, 9.8,-0.1,-0.1,-0.1, 167, 14.646,   0.128,    88
22,11,17,08,19,06,0.68,-0.00,-0.00,-0.00, 9.8,-0.1,-0.1,-0.1, 159, 13.784,   0.203,   110
22,11,17,10,19,06,0.82,1.00,0.80,1.18, 9.8, 8.2, 8.3, 8.0, 175, 13.192,   0.133,   183
22,11,17,12,19,06,0.84,1.07,0.89,1.27, 8.5, 7.7, 7.4, 7.0, 163, 13.386,   0.182,   256
22,11,17,14,19,06,1.14,1.35,1.09,1.60, 8.5, 8.0, 7.7, 8.0, 155, 14.081,   0.219,   266
22,11,17,16,19,06,1.00,-0.00,-0.00,-0.00, 7.5,-0.1,-0.1,-0.1, 185, 14.780,   0.086,   295
22,11,17,18,19,06,0.99,-0.00,-0.00,-0.00, 9.8,-0.1,-0.1,-0.1, 146, 14.769,   0.061,   111
22,11,17,20,19,06,1.07,1.30,1.04,1.75, 8.5, 5.8, 5.4, 7.0, 199, 13.899,   0.210,   117
22,11,17,22,19,06,0.83,0.96,0.80,1.26, 7.5, 5.5, 5.0, 3.0, 195, 12.927,   0.110,   131
22,11,18,00,19,06,0.82,1.02,0.82,1.57, 8.5, 6.0, 5.5, 8.5, 207, 12.897,   0.070,   239
22,11,18,02,19,06,0.83,-0.00,-0.00,-0.00, 7.5,-0.1,-0.1,-0.1, 191, 13.713,   0.070,   307
22,11,18,04,19,06,0.84,1.03,0.89,1.31, 8.5, 6.3, 5.6, 6.5, 196, 14.611,   0.111,   318
22,11,18,06,19,06,0.81,-0.00,-0.00,-0.00, 8.5,-0.1,-0.1,-0.1, 159, 14.867,   0.049,    80
22,11,18,08,19,06,0.77,1.03,0.83,1.33, 8.5, 8.0, 7.5, 7.0, 185, 14.300,   0.262,   126
22,11,18,10,19,06,0.73,0.93,0.77,1.11, 8.5, 7.3, 6.7, 3.0, 167, 13.454,   0.147,   135
22,11,18,12,19,06,0.75,0.89,0.71,1.27, 8.5, 6.8, 5.9, 6.5, 181, 13.162,   0.084,   198
22,11,18,14,19,06,0.63,0.84,0.70,0.97, 7.5, 3.8, 5.0, 3.0, 171, 13.711,   0.201,   283
22,11,18,16,19,06,0.65,0.84,0.67,1.08, 6.7, 6.6, 6.5, 6.5, 195, 14.631,   0.232,   297
22,11,18,18,19,06,0.94,1.14,0.94,1.57, 6.7, 5.0, 5.1, 5.0, 218, 15.069,   0.059,   279
22,11,18,20,19,06,0.66,0.89,0.72,1.24, 8.5, 5.2, 5.1, 7.5, 155, 14.575,   0.193,   113
22,11,18,22,19,06,0.54,0.77,0.62,1.10, 9.8, 6.2, 6.0, 5.5, 159, 13.500,   0.213,   129
22,11,19,00,19,06,0.60,0.80,0.66,0.97, 6.1, 6.5, 6.4, 5.5, 180, 12.837,   0.055,   212
22,11,19,02,19,06,0.61,0.80,0.66,1.03, 8.5, 6.5, 6.8, 6.5, 185, 13.480,   0.231,   284
22,11,19,04,19,06,0.66,0.80,0.65,1.11, 6.1, 6.4, 6.7, 6.5, 207, 14.439,   0.273,   284
22,11,19,06,19,06,0.68,0.81,0.69,1.01, 6.7, 6.5, 6.4, 6.5, 214, 15.125,   0.216,   291
22,11,19,08,19,06,0.52,0.80,0.64,1.12, 6.7, 4.1, 5.4, 2.0, 199, 14.997,   0.014,   209
22,11,19,10,19,06,0.42,0.63,0.49,0.93, 8.5, 8.0, 7.7, 8.0, 192, 13.950,   0.079,   137
22,11,19,12,19,06,0.71,0.87,0.71,1.08, 8.5, 7.6, 7.8, 6.0, 186, 13.194,   0.082,   223
22,11,19,14,19,06,0.80,0.92,0.76,1.15, 8.5, 7.8, 7.9, 9.0, 167, 13.404,   0.207,   281
22,11,19,16,19,06,0.86,1.00,0.81,1.29, 8.5, 7.4, 7.5, 7.5, 170, 14.285,   0.253,   282
22,11,19,18,19,06,0.81,0.93,0.78,1.22, 7.5, 6.4, 6.6, 6.0, 199, 15.090,   0.136,   286
22,11,19,20,19,06,0.71,1.08,0.90,1.42, 5.6, 3.7, 3.9, 7.0, 195, 15.035,   0.141,   111
22,11,19,22,19,06,0.63,0.78,0.64,1.09, 5.1, 5.6, 5.3, 5.0, 180, 13.996,   0.283,   121
22,11,20,00,19,06,0.57,0.69,0.57,0.82, 6.1, 5.8, 5.6, 6.5, 186, 12.986,   0.110,   158
22,11,20,02,19,06,0.69,0.73,0.63,0.86, 5.6, 5.7, 5.6, 4.5, 159, 13.143,   0.158,   250
22,11,20,04,19,06,0.79,0.92,0.75,1.15, 5.1, 5.3, 5.1, 6.0, 192, 14.059,   0.302,   294
22,11,20,06,19,06,1.05,1.20,0.99,1.65, 6.7, 5.8, 5.6, 6.0, 203, 15.092,   0.200,   290
22,11,20,08,19,06,1.14,1.38,1.10,1.72, 7.5, 6.5, 5.9, 8.0, 215, 15.234,   0.055,    89
22,11,20,10,19,06,0.70,0.94,0.78,1.24, 7.5, 6.4, 6.4, 4.5, 196, 14.327,   0.230,   110
22,11,20,12,19,06,0.68,0.82,0.67,1.12, 7.5, 6.1, 5.9, 6.0, 195, 13.195,   0.165,   149
22,11,20,14,19,06,0.94,1.12,0.93,1.60, 4.4, 5.2, 5.2, 3.5, 203, 12.913,   0.090,   276
22,11,20,16,19,06,1.12,-0.00,-0.00,-0.00, 7.5,-0.1,-0.1,-0.1, 186, 13.625,   0.218,   312
22,11,20,18,19,06,1.02,-0.00,-0.00,-0.00, 8.5,-0.1,-0.1,-0.1, 203, 14.639,   0.195,   322
22,11,20,20,19,06,1.01,-0.00,-0.00,-0.00, 8.5,-0.1,-0.1,-0.1, 207, 15.015,   0.079,    65
22,11,20,22,19,06,1.26,1.61,1.29,2.05, 3.5, 7.0, 5.9, 7.5, 328, 14.131,   0.250,   118
22,11,21,00,19,06,1.03,1.46,1.17,1.92, 3.7, 6.4, 6.0,19.5, 291, 12.863,   0.212,   139
22,11,21,02,19,06,1.06,-0.00,-0.00,-0.00, 9.8,-0.1,-0.1,-0.1, 191, 12.471,   0.043,   202
22,11,21,04,19,06,1.14,1.46,1.17,1.84, 3.3, 6.4, 5.7, 4.0, 307, 13.298,   0.152,   318
22,11,21,06,19,06,0.93,1.20,1.00,1.78, 9.8, 6.8, 6.0, 6.0, 154, 14.525,   0.207,   320
22,11,21,08,19,06,1.05,1.25,1.02,1.65, 9.8, 8.7, 7.8, 7.0, 220, 15.115,   0.050,    33
22,11,21,10,19,06,0.79,1.12,0.92,1.44, 9.8, 8.2, 7.4, 6.5, 215, 14.595,   0.246,   125
22,11,21,12,19,06,0.78,0.92,0.76,1.11, 9.8, 8.5, 7.5, 5.0, 195, 13.252,   0.261,   159
22,11,21,14,19,06,0.55,-0.00,-0.00,-0.00, 8.5,-0.1,-0.1,-0.1, 171, 12.387,   0.070,   193
22,11,21,16,19,06,0.70,0.86,0.73,1.06, 8.5, 7.2, 6.8, 8.0, 167, 13.126,   0.261,   266
22,11,21,18,19,06,0.76,0.86,0.71,1.05, 8.5, 6.7, 6.1, 8.0, 175, 14.309,   0.305,   300
22,11,21,20,19,06,0.98,1.11,0.94,1.38, 3.7, 5.1, 5.2, 3.5, 207, 15.109,   0.074,   309
22,11,21,22,19,06,0.99,-0.00,-0.00,-0.00, 5.1,-0.1,-0.1,-0.1, 199, 14.840,   0.165,   118
22,11,22,00,19,06,1.07,1.28,1.11,1.59, 5.1, 5.1, 4.7, 7.5, 199, 13.566,   0.181,   129
22,11,22,02,19,06,1.46,1.71,1.37,2.71, 7.5, 5.0, 5.0, 6.0, 180, 12.685,   0.036,    77
22,11,22,04,19,06,1.42,1.77,1.48,2.33, 8.5, 7.2, 6.6,12.0, 185, 13.107,   0.184,   296
22,11,22,06,19,06,1.37,1.64,1.37,2.25, 9.8, 7.7, 6.5, 7.5, 180, 14.269,   0.273,   321
22,11,22,08,19,06,1.30,1.68,1.37,2.12, 9.8, 8.9, 7.8, 9.0, 199, 15.188,   0.158,   353
22,11,22,10,19,06,1.06,1.27,1.06,1.59,11.6, 6.8, 5.9,10.5, 185, 15.064,   0.196,   105
22,11,22,12,19,06,0.85,1.13,0.94,1.42, 9.8, 7.4, 6.0, 5.5, 196, 13.765,   0.258,   142
22,11,22,14,19,06,0.66,-0.00,-0.00,-0.00, 9.8,-0.1,-0.1,-0.1, 181, 12.396,   0.197,   183
22,11,22,16,19,06,0.66,0.80,0.63,1.18, 8.5, 7.8, 7.1, 7.5, 163, 12.787,   0.228,   269
22,11,22,18,19,06,0.71,0.96,0.75,1.30, 8.5, 7.6, 7.5, 7.0, 175, 13.951,   0.325,   299
22,11,22,20,19,06,0.71,0.84,0.68,1.13, 8.5, 7.6, 7.6, 7.0, 181, 15.139,   0.228,   288
22,11,22,22,19,06,0.81,0.91,0.75,1.14, 7.5, 6.8, 6.6, 5.0, 211, 15.318,   0.119,   183
22,11,23,00,19,06,0.59,0.66,0.54,0.88, 6.7, 5.9, 5.7, 5.0, 203, 14.239,   0.233,   129
22,11,23,02,19,06,0.64,0.78,0.64,0.94, 8.5, 5.2, 4.9, 8.0, 163, 12.974,   0.180,   152
22,11,23,04,19,06,0.68,0.86,0.72,1.05, 5.6, 5.3, 5.3, 6.0, 191, 12.967,   0.152,   240
22,11,23,06,19,06,0.85,0.94,0.78,1.32, 5.6, 5.0, 5.1, 4.5, 203, 14.060,   0.382,   292
22,11,23,08,19,06,0.85,0.97,0.80,1.40, 5.6, 5.4, 5.2, 4.0, 208, 15.253,   0.232,   285
22,11,23,10,19,06,0.72,0.87,0.72,1.20, 6.1, 5.5, 5.3, 6.0, 206, 15.509,   0.107,   147
22,11,23,12,19,06,0.48,0.64,0.51,1.06, 6.1, 6.0, 5.9, 6.0, 215, 14.313,   0.350,   141
22,11,23,14,19,06,0.34,-0.00,-0.00,-0.00, 7.5,-0.1,-0.1,-0.1, 191, 12.532,   0.309,   171
22,11,23,16,19,06,0.36,-0.00,-0.00,-0.00, 6.1,-0.1,-0.1,-0.1, 190, 12.137,   0.132,   253
22,11,23,18,19,06,0.59,0.69,0.56,0.88, 6.7, 5.3, 5.1, 5.0, 151, 13.189,   0.310,   296
22,11,23,20,19,06,0.58,0.78,0.62,0.94, 6.7, 3.8, 3.9, 2.5, 207, 14.645,   0.337,   288
22,11,23,22,19,06,0.64,0.78,0.64,0.98, 6.1, 4.5, 4.4, 6.5, 203, 15.279,   0.130,   274
22,11,24,00,19,06,0.61,0.81,0.66,1.01, 3.0, 3.3, 3.4, 3.0, 351, 14.642,   0.188,   145
22,11,24,02,19,06,0.50,0.62,0.50,0.85, 2.4, 2.7, 3.0, 2.5, 195, 13.186,   0.200,   140
22,11,24,04,19,06,0.20,-0.00,-0.00,-0.00, 6.7,-0.1,-0.1,-0.1, 171, 12.760,   0.102,   245
22,11,24,06,19,06,0.31,0.45,0.36,0.63, 2.7, 3.8, 3.7, 6.0, 111, 13.686,   0.258,   293

